Time, TempBase, WarpMax, T_Tip_Peel, T_Tip_Shear, T_Tip_SEQV, T_Tip_Strain, T_Avg_Peel, T_Avg_Shear, B_Tip_Peel, B_Tip_Shear, B_Tip_SEQV, B_Tip_Strain, B_Avg_Peel, B_Avg_Shear, Die_SX, Die_SY_Max
0.1, 119.843369, -0.100442457, -33.5670785, -4.94165888, 35.7319424, 1.981501762E-03, 6.580737381E-02, -2.65029806, -7.31749691, -2.60904084, 26.9280508, 1.973406778E-03, 1.21383992E-02, -2.7343611, 59.8969426, -81.4168994
0.2, 119.585388, -9.817648085E-02, -32.688474, -4.62557841, 34.6675208, 1.934058299E-03, 6.473099967E-02, -2.57336395, -7.22863531, -2.55053459, 26.4848757, 1.946271384E-03, 1.219656258E-02, -2.6630574, 58.8009505, -78.886716
0.35, 117.271889, -9.257034127E-02, -29.8040879, -3.65172703, 31.2448045, 1.765774365E-03, 5.967951213E-02, -2.31369304, -6.95251428, -2.33206622, 24.9877847, 1.849045446E-03, 1.183932492E-02, -2.41883626, 55.5581694, -71.7266457
0.575, 105.21524, -8.167117345E-02, -21.3304955, -1.08084521, 21.7199284, 1.300778188E-03, 4.283787005E-02, -1.56712374, -5.99749266, -1.6886966, 20.4625285, 1.542678251E-03, 8.180623016E-03, -1.70292255, 47.2862158, -53.9660944
0.9125, 105.21524, -8.16682686E-02, -21.2545921, -1.12364476, 21.654913, 1.316018415E-03, 4.294134603E-02, -1.56749566, -5.95198484, -1.67613366, 20.4076455, 1.542850583E-03, 8.152946002E-03, -1.70197863, 47.2884393, -53.9425039
1.4125, 91.5212326, -7.418584096E-02, -13.1675144, 1.14728919, 13.5753077, 1.002460283E-03, 2.649159701E-02, -0.889780802, -4.90360794, -1.08807729, 16.1839739, 1.255177579E-03, 3.730729438E-03, -1.04401115, 39.9241886, -38.3048952
1.9125, 91.5212326, -7.418014156E-02, -13.122128, 1.07045759, 13.4991754, 1.013131592E-03, 2.629352044E-02, -0.89134794, -4.85227977, -1.07222677, 16.1219705, 1.254700768E-03, 3.89144684E-03, -1.04295779, 39.9304628, -38.3110922
2.4125, 79.4735184, -6.984763708E-02, -6.62012454, 2.82921152, 9.32525538, 9.428135722E-04, 1.459294758E-02, -0.373486031, -3.88742652, -0.668550028, 13.0001146, 1.036447385E-03, -4.614227137E-04, -0.536628674, 34.1071253, -25.971456
2.9125, 79.4735184, -6.984010979E-02, -6.62699208, 2.74404772, 9.1867404, 9.468501396E-04, 1.37349666E-02, -0.376034437, -3.84932342, -0.654981313, 12.9551877, 1.035531255E-03, 5.260770664E-04, -0.535993104, 34.1160555, -26.0402469
3.4125, 69.4213257, -6.744631469E-02, -1.47457138, 4.10076189, 10.2893119, 1.024839436E-03, 4.550436526E-03, 1.340933882E-02, -3.00726845, -0.382043416, 10.6874457, 8.737402415E-04, -2.644919736E-03, -0.15295807, 29.5172863, -16.3364656
3.9125, 69.4213257, -6.743672799E-02, -1.52026913, 4.01208866, 10.0744407, 1.028548857E-03, 4.125909238E-03, 1.073752937E-02, -2.98151382, -0.369031425, 10.6531574, 8.725181884E-04, -2.032888068E-03, -0.152283674, 29.5280771, -16.3987039
4.4125, 61.1926308, -6.624435694E-02, 2.54795844, 5.06016331, 12.9865844, 1.149011636E-03, -3.003360345E-03, 0.302840067, -2.26433876, -0.186192479, 9.02154411, 7.560734631E-04, -4.395671097E-03, 0.136573639, 25.8815632, -8.72280983
4.9125, 61.1926308, -6.623381614E-02, 2.47404454, 4.97019669, 12.7532133, 1.154320781E-03, -3.225119764E-03, 0.300098028, -2.24799783, -0.173846798, 8.99617693, 7.548255356E-04, -4.00805443E-03, 0.137230751, 25.8933277, -8.78313068
5.4125, 54.4904251, -6.578093672E-02, 5.69084018, 5.78254439, 15.592951, 1.279094481E-03, -8.756041491E-03, 0.519949667, -1.64368294, -5.256616239E-02, 7.83288003, 6.76004302E-04, -5.803577912E-03, 0.35582608, 22.9831705, -2.66752263
5.9125, 54.4904251, -6.577007691E-02, 5.59689312, 5.69295364, 15.3533972, 1.28634716E-03, -8.875799115E-03, 0.51719006, -1.63463138, -4.086744497E-02, 7.81469947, 6.751126139E-04, -5.550665067E-03, 0.356438159, 22.9953213, -2.72764429
6.4125, 49.0255203, -6.57624173E-02, 8.14979119, 6.3250887, 17.7964171, 1.405417943E-03, -1.318561886E-02, 0.683776095, -1.12780765, 3.870739274E-02, 6.99525823, 6.247013653E-04, -6.936929155E-03, 0.523027914, 20.6559067, 2.18128569
6.9125, 49.0255203, -6.575162051E-02, 8.04208137, 6.23709541, 17.5556671, 1.414616448E-03, -1.325128953E-02, 0.681042544, -1.12444079, 4.980807403E-02, 6.98271861, 6.242996575E-04, -6.766324962E-03, 0.523582655, 20.668066, 2.12097147
7.4125, 44.5530739, -6.600070306E-02, 10.0770784, 6.73087822, 19.5788583, 1.525167587E-03, -1.663207973E-02, 0.808334539, -0.700253724, 0.1013818, 6.41512174, 5.92311713E-04, -7.850342023E-03, 0.651673379, 18.7738132, 6.08958692
7.9125, 44.5530739, -6.59902041E-02, 9.96040311, 6.64535255, 19.3401388, 1.536125064E-03, -1.666795032E-02, 0.805660175, -0.701324107, 0.111928544, 6.40692175, 5.922844218E-04, -7.731244713E-03, 0.652166709, 18.785737, 6.02925587
8.4125, 40.8760986, -6.637575493E-02, 11.5896814, 7.03229499, 20.9912211, 1.636656155E-03, -1.934027616E-02, 0.903824452, -0.346640142, 0.144895467, 6.02210444, 5.727588057E-04, -8.58778594E-03, 0.751621791, 17.2415044, 9.25875141
8.9125, 40.8760986, -6.636569669E-02, 11.4677001, 6.9498385, 20.7569124, 1.64901787E-03, -1.935925662E-02, 0.901233107, -0.351160162, 0.154919938, 6.01717581, 5.72985936E-04, -8.501769394E-03, 0.752053993, 17.2530396, 9.19878695
9.4125, 37.8390427, -6.681189585E-02, 12.7772292, 7.25373051, 22.0959183, 1.738897911E-03, -2.148826929E-02, 0.97764663, -5.476919769E-02, 0.175673848, 5.76262254, 5.628247522E-04, -9.184460979E-03, 0.830050119, 15.9864228, 11.8421169
9.9125, 37.8390427, -6.680236109E-02, 12.6527313, 7.17474029, 21.8678057, 1.752260674E-03, -2.149743855E-02, 0.975154563, -6.194855161E-02, 0.185196792, 5.76010323, 5.632282598E-04, -9.120265783E-03, 0.830423719, 15.9974773, 11.7829415
10.4125, 35.3196259, -6.726246826E-02, 13.7085788, 7.41364362, 22.9504336, 1.831804638E-03, -2.320668472E-02, 1.03518156, 0.185578246, 0.198056719, 5.59620604, 5.607091989E-04, -9.668415096E-03, 0.892191403, 14.9529576, 13.9573835
10.9125, 35.3196259, -6.725349932E-02, 13.583681, 7.33836322, 22.7298267, 1.845810905E-03, -2.321002822E-02, 1.03279917, 0.176375852, 0.20709179, 5.59541876, 5.612699828E-04, -9.618985763E-03, 0.892510068, 14.9634774, 13.8993833
11.4125, 33.2215004, -6.769975388E-02, 14.4369244, 7.52608939, 23.6034251, 1.915910776E-03, -2.459223365E-02, 1.08036022, 0.382928809, 0.214949087, 5.49313872, 5.642709069E-04, -1.006188193E-02, 0.941880228, 14.0980956, 15.6957169
11.9125, 33.2215004, -6.769136575E-02, 14.3132207, 7.45464609, 23.3912476, 1.930274053E-03, -2.459205499E-02, 1.07809344, 0.372217275, 0.223506406, 5.49357231, 5.649772291E-04, -1.002270392E-02, 0.942148108, 14.1080555, 15.6392144
12.4125, 31.4683037, -6.81083045E-02, 15.003644, 7.60184072, 24.0947642, 1.992022307E-03, -2.571721393E-02, 1.11607468, 0.544390894, 0.228276677, 5.43233772, 5.707500324E-04, -1.038249723E-02, 0.981946808, 13.3882472, 17.1284093
12.9125, 31.4683037, -6.810049371E-02, 14.8823256, 7.5342758, 23.8916297, 2.006521663E-03, -2.571485693E-02, 1.11392616, 0.532586058, 0.236365338, 5.43362181, 5.715573583E-04, -1.03505986E-02, 0.982168235, 13.3976415, 17.07366
13.4125, 29.9991055, -6.848051816E-02, 15.4411685, 7.6492137, 24.4567028, 2.061000028E-03, -2.663622276E-02, 1.14447051, 0.675895392, 0.239301102, 5.39926849, 5.782814576E-04, -1.064422861E-02, 1.01449849, 12.7969288, 18.3117431
13.9125, 29.9991055, -6.847326909E-02, 15.3231088, 7.58550256, 24.2629755, 2.075467074E-03, -2.663249713E-02, 1.1424404, 0.663333498, 0.246930758, 5.40114337, 5.791514485E-04, -1.061762586E-02, 1.0146777, 12.8057622, 18.2589334
14.4125, 28.7649002, -6.881370975E-02, 15.7751058, 7.67466739, 24.7152154, 2.123659092E-03, -2.739093058E-02, 1.16715428, 0.782398654, 0.248837111, 5.38411159, 5.859675928E-04, -1.08581889E-02, 1.04111985, 12.3030593, 19.290555
14.9125, 28.7649002, -6.880699903E-02, 15.6609327, 7.61473988, 24.5310655, 2.137966647E-03, -2.738632421E-02, 1.16524099, 0.769351324, 0.25601864, 5.38639821, 5.868775393E-04, -1.083553218E-02, 1.04126096, 12.3113456, 19.2398154
15.4125, 27.7259941, -6.910817945E-02, 16.0258269, 7.68325152, 24.8912187, 2.180731778E-03, -2.801342849E-02, 1.18534103, 0.868048509, 0.257400855, 5.38031988, 5.933997098E-04, -1.103324867E-02, 1.06301519, 11.8897095, 20.1008651
15.9125, 27.7259941, -6.910197909E-02, 15.9159733, 7.62700187, 24.7166618, 2.19478398E-03, -2.800826049E-02, 1.18354166, 0.854734487, 0.264146918, 5.38289581, 5.943362925E-04, -1.101359667E-02, 1.06312208, 11.8974681, 20.0522785
16.4125, 26.8500099, -6.936594931E-02, 16.2096335, 7.67893275, 25.0015733, 2.232860657E-03, -2.85287683E-02, 1.19995902, 0.936320266, 0.265312541, 5.38357067, 6.003963581E-04, -1.117650939E-02, 1.08110979, 11.5431774, 20.7718346
16.9125, 26.8500099, -6.936022891E-02, 16.1043819, 7.62623129, 24.8365083, 2.246586271E-03, -2.85232315E-02, 1.19826978, 0.92291504, 0.271637315, 5.38635109, 6.013509037E-04, -1.115919372E-02, 1.0811861, 11.5504317, 20.7254413
17.4125, 26.1103668, -6.958992258E-02, 16.3396608, 7.66484329, 25.0599153, 2.280604261E-03, -2.895671458E-02, 1.21172569, 0.99012408, 0.272768711, 5.39101452, 6.068874337E-04, -1.129379839E-02, 1.09612335, 11.2522919, 21.3272318
17.9125, 26.1103668, -6.958465086E-02, 16.2391749, 7.61554405, 24.9041509, 2.293951517E-03, -2.895094423E-02, 1.2101422, 0.976767516, 0.278687744, 5.39394026, 6.078535407E-04, -1.127834269E-02, 1.09617242, 11.2590671, 21.2830421
18.4125, 25.4851303, -6.978304712E-02, 16.4266269, 7.64350266, 25.0774117, 2.324454481E-03, -2.931427262E-02, 1.22121331, 1.03182661, 0.279955678, 5.40053853, 6.128499491E-04, -1.139100065E-02, 1.10863367, 11.0078914, 21.7865624
18.9125, 25.4851303, -6.977819295E-02, 16.3309758, 7.59744809, 24.930687, 2.33738629E-03, -2.930835789E-02, 1.21973077, 1.0186296, 0.285485193, 5.40356745, 6.138226295E-04, -1.137705931E-02, 1.10865859, 11.0142121, 21.7445587
19.4125, 24.9561081, -6.994860334E-02, 16.4791867, 7.61688343, 25.0630434, 2.364831876E-03, -2.961416034E-02, 1.2288653, 1.06347398, 0.2869448, 5.41091059, 6.183003771E-04, -1.147203916E-02, 1.11909238, 10.8024142, 22.1658931
19.9125, 24.9561081, -6.994413629E-02, 16.3883689, 7.57391164, 24.9250517, 2.377323541E-03, -2.96081685E-02, 1.22747871, 1.05052332, 0.292101777, 5.4140112, 6.192753264E-04, -1.14593506E-02, 1.119096, 10.8083065, 22.126039
20.4125, 24.5081539, -7.008993016E-02, 16.5043523, 7.58653071, 25.0240413, 2.402097534E-03, -2.98659363E-02, 1.23502774, 1.08683217, 0.293734294, 5.42148387, 6.23276382E-04, -1.15393678E-02, 1.12785559, 10.6295967, 22.4785189
20.9125, 24.5081539, -7.008582104E-02, 16.4183106, 7.54647638, 24.8944393, 2.414133348E-03, -2.985991515E-02, 1.23373201, 1.07419463, 0.298536493, 5.42463159, 6.242497714E-04, -1.152775235E-02, 1.12784049, 10.6350865, 22.4407618
21.4125, 24.1286087, -7.021050771E-02, 16.5077305, 7.5536303, 24.9661341, 2.436557491E-03, -3.00764929E-02, 1.2399634, 1.10342752, 0.300253721, 5.4321037, 6.278301232E-04, -1.159429108E-02, 1.13519709, 10.4842224, 22.7354487
21.9125, 24.1286087, -7.020672885E-02, 16.4263668, 7.51632956, 24.844557, 2.448129062E-03, -3.007047858E-02, 1.23875342, 1.09115344, 0.304719744, 5.43527767, 6.287984603E-04, -1.158358818E-02, 1.13516564, 10.4893346, 22.6997274
22.4125, 23.8068581, -7.031326664E-02, 16.49395, 7.51914345, 24.8940386, 2.468483244E-03, -3.025234353E-02, 1.24389093, 1.11449002, 0.306482691, 5.44259026, 6.320060655E-04, -1.163871091E-02, 1.14134674, 10.3619375, 22.9458619
22.9125, 23.8068581, -7.030979213E-02, 16.4171363, 7.48443402, 24.7801107, 2.479588144E-03, -3.024636726E-02, 1.24276169, 1.10261647, 0.310631218, 5.4457727, 6.32966142E-04, -1.162880828E-02, 1.14130108, 10.3666973, 22.9121047
23.4125, 23.5339928, -7.040066575E-02, 16.4668485, 7.48383963, 24.8116361, 2.498116391E-03, -3.039915261E-02, 1.24699312, 1.12103527, 0.312422506, 5.45277815, 6.358430894E-04, -1.167443145E-02, 1.14649856, 10.259099, 23.1174363
23.9125, 23.5339928, -7.039747138E-02, 16.3944343, 7.45156389, 24.704975, 2.50875619E-03, -3.039322455E-02, 1.24593974, 1.10958834, 0.316272016, 5.45595446, 6.367921022E-04, -1.166524488E-02, 1.14644061, 10.2635283, 23.0855675
24.4125, 23.3025055, -7.047486533E-02, 16.4295659, 7.44832287, 24.722067, 2.525668836E-03, -3.052159894E-02, 1.2494195, 1.12391444, 0.318073675, 5.46257565, 6.393772219E-04, -1.170294766E-02, 1.15081316, 10.1726494, 23.2565947
24.9125, 23.3025055, -7.047192856E-02, 16.3613827, 7.41832855, 24.6222901, 2.535849294E-03, -3.05157543E-02, 1.24843724, 1.11291113, 0.32164225, 5.46573257, 6.403126515E-04, -1.169440088E-02, 1.15074468, 10.1767721, 23.2265341
25.4125, 23.1060677, -7.053775673E-02, 16.3846658, 7.41306151, 24.6278595, 2.551328065E-03, -3.062359206E-02, 1.25129245, 1.12384079, 0.323436653, 5.47193994, 6.426412488E-04, -1.172549983E-02, 1.15442377, 10.1000195, 23.3687184
25.9125, 23.1060677, -7.053505666E-02, 16.3205366, 7.3852016, 24.5345894, 2.561057473E-03, -3.061784079E-02, 1.25037676, 1.11329093, 0.32674189, 5.47506632, 6.435608439E-04, -1.171752621E-02, 1.15434633, 10.1038551, 23.3403854
26.4125, 22.9393387, -7.059098523E-02, 16.3342382, 7.37841431, 24.5310417, 2.575259624E-03, -3.070838674E-02, 1.25271256, 1.12140982, 0.328513265, 5.4808595, 6.456643747E-04, -1.174310006E-02, 1.15744147, 10.0390472, 23.458318
26.9125, 22.9393387, -7.058850254E-02, 16.2739788, 7.35254859, 24.4439073, 2.584548522E-03, -3.070273503E-02, 1.25185909, 1.1113171, 0.331572058, 5.48394584, 6.465661829E-04, -1.173566419E-02, 1.15735646, 10.0426159, 23.4316277
27.4125, 22.7977982, -7.063597362E-02, 16.2799784, 7.34465203, 24.4332257, 2.597610693E-03, -3.07787096E-02, 1.25376267, 1.11711852, 0.333306754, 5.48934018, 6.484724072E-04, -1.175662683E-02, 1.1599591, 9.98790693, 23.5291806
27.9125, 22.7977982, -7.063369049E-02, 16.2234018, 7.32064665, 24.3518673, 2.606471152E-03, -3.077317397E-02, 1.25296729, 1.107482, 0.336135366, 5.49237778, 6.493548217E-04, -1.174967697E-02, 1.15986781, 9.99122763, 23.504053
28.4125, 22.6776218, -7.067394785E-02, 16.22326, 7.31197319, 24.3356865, 2.618512305E-03, -3.08368485E-02, 1.25451119, 1.11138064, 0.337822203, 5.49739801, 6.510879942E-04, -1.17667957E-02, 1.16205461, 9.94506502, 23.5844819
28.9125, 22.6776218, -7.067184786E-02, 16.1701797, 7.28970235, 24.2597576, 2.626957594E-03, -3.083143506E-02, 1.25377, 1.10219555, 0.340436084, 5.50037951, 6.519495755E-04, -1.176028317E-02, 1.16195818, 9.94815445, 23.5608336
29.4125, 22.5755749, -7.070596005E-02, 16.1651878, 7.28051944, 24.2394177, 2.638081487E-03, -3.088473127E-02, 1.25501465, 1.10453971, 0.342066199, 5.50505305, 6.535307935E-04, -1.177418904E-02, 1.16379358, 9.90922022, 23.6268862
29.9125, 22.5755749, -7.070402812E-02, 16.1154183, 7.25986339, 24.1685843, 2.64612561E-03, -3.087944652E-02, 1.25432395, 1.09579814, 0.344480135, 5.5079725, 6.543703721E-04, -1.176809851E-02, 1.163693, 9.91209555, 23.6046409
30.4125, 22.4889145, -7.073291128E-02, 16.1066439, 7.25038697, 24.1451852, 2.65642316E-03, -3.092398527E-02, 1.25531986, 1.09688021, 0.346046677, 5.51232888, 6.558179726E-04, -1.177931566E-02, 1.16523127, 9.87927675, 23.6586358
30.9125, 22.4889145, -7.073113352E-02, 16.0600048, 7.23123238, 24.0791282, 2.664080767E-03, -3.091883414E-02, 1.25467615, 1.08857198, 0.34827462, 5.51518093, 6.566346197E-04, -1.177361584E-02, 1.16512745, 9.88195419, 23.6377157
31.4125, 22.4153156, -7.075557118E-02, 16.0483293, 7.22163277, 24.0535665, 2.67363164E-03, -3.095596897E-02, 1.2554655, 1.08863677, 0.349772753, 5.51924766, 6.57964355E-04, -1.178260325E-02, 1.16641438, 9.85431004, 23.681606
31.9125, 22.4153156, -7.075393487E-02, 16.0046448, 7.20387474, 23.9919829, 2.680917597E-03, -3.09509497E-02, 1.25486556, 1.08074996, 0.351827927, 5.52202786, 6.58757353E-04, -1.177725504E-02, 1.16630813, 9.85680246, 23.661937
32.4125, 22.3528023, -7.077459629E-02, 15.9907927, 7.19428745, 23.9649874, 2.689791919E-03, -3.098184443E-02, 1.25548363, 1.08000198, 0.35325458, 5.52583162, 6.59982848E-04, -1.178439168E-02, 1.16738237, 9.83353567, 23.6973725
32.9125, 22.3528023, -7.077308973E-02, 15.9498914, 7.17782605, 23.9075877, 2.696721029E-03, -3.09769676E-02, 1.25492436, 1.07252322, 0.355149413, 5.52853641, 6.607516261E-04, -1.177937635E-02, 1.16727438, 9.83585787, 23.678881
33.4125, 22.2997055, -7.079054557E-02, 15.9344578, 7.16835628, 23.8797471, 2.704980723E-03, -3.100258443E-02, 1.25540071, 1.07113346, 0.35650283, 5.53210048, 6.618845499E-04, -1.178496466E-02, 1.16816868, 9.81629276, 23.7072512
33.9125, 22.2997055, -7.078915805E-02, 15.8961754, 7.15309862, 23.8262575, 2.711568162E-03, -3.099785537E-02, 1.25487926, 1.06404849, 0.358248922, 5.53472724, 6.626287882E-04, -1.178026764E-02, 1.1680596, 9.8184557, 23.6898726
34.4125, 22.2546043, -7.080389455E-02, 15.8796466, 7.1438275, 23.7980439, 2.719267883E-03, -3.101901697E-02, 1.2552386, 1.06215901, 0.359528512, 5.53807319, 6.636792902E-04, -1.178457945E-02, 1.16880164, 9.80202246, 23.7123482
34.9125, 22.2546043, -7.080261625E-02, 15.8438266, 7.1296862, 23.7482065, 2.725528176E-03, -3.101443243E-02, 1.2547523, 1.05545298, 0.36113689, 5.54061973, 6.643987818E-04, -1.178016546E-02, 1.168692, 9.80403805, 23.6960157
35.4125, 22.2162914, -7.081504693E-02, 15.8265967, 7.12067472, 23.7199954, 2.732716445E-03, -3.103183269E-02, 1.25501531, 1.05318213, 0.362343008, 5.54376672, 6.653755391E-04, -1.178342057E-02, 1.16930527, 9.79025078, 23.7135864
35.9125, 22.2162914, -7.081386884E-02, 15.7930903, 7.10756943, 23.6735679, 2.7386643E-03, -3.102738238E-02, 1.25456167, 1.0468396, 0.363823838, 5.54623196, 6.660702042E-04, -1.177928902E-02, 1.16919556, 9.79212999, 23.6982381
36.4125, 22.1837463, -7.082434564E-02, 15.7754779, 7.09886218, 23.6456544, 2.745383999E-03, -3.104162387E-02, 1.25474569, 1.04428505, 0.364957736, 5.54919623, 6.669806862E-04, -1.178166913E-02, 1.16969997, 9.78057957, 23.7117351
36.9125, 22.1837463, -7.08232595E-02, 15.7441407, 7.08671656, 23.6024066, 2.751033504E-03, -3.103731809E-02, 1.2543224, 1.03829064, 0.366320612, 5.55157915, 6.676505964E-04, -1.177779219E-02, 1.16959062, 9.78233194, 23.6973118
37.4125, 22.1561012, -7.083208148E-02, 15.7264027, 7.07834518, 23.5750205, 2.757323471E-03, -3.104889882E-02, 1.25444184, 1.03553317, 0.3673839, 5.55437614, 6.685013355E-04, -1.177945572E-02, 1.17000302, 9.7726717, 23.7074352
37.9125, 22.1561012, -7.083107975E-02, 15.6970993, 7.06708967, 23.5347378, 2.762688435E-03, -3.104473725E-02, 1.25404673, 1.02987143, 0.368637726, 5.55667626, 6.691467188E-04, -1.177582501E-02, 1.16989441, 9.77430725, 23.6938818
38.4125, 22.1326141, -7.083850058E-02, 15.6794398, 7.05907457, 23.5080542, 2.768582925E-03, -3.105406499E-02, 1.25411373, 1.02697716, 0.369632811, 5.55931866, 6.699432902E-04, -1.177690472E-02, 1.17022912, 9.76624203, 23.7012201
38.9125, 22.1326141, -7.083757632E-02, 15.6520425, 7.04864273, 23.4705346, 2.773676755E-03, -3.105004318E-02, 1.25374479, 1.0216326, 0.370785892, 5.56153608, 6.705643669E-04, -1.177349202E-02, 1.17012155, 9.76776791, 23.6884846
39.4125, 22.1126633, -7.08438121E-02, 15.6346203, 7.04099655, 23.4446825, 2.77920647E-03, -3.105749958E-02, 1.25376942, 1.01865595, 0.371715163, 5.56403565, 6.713117078E-04, -1.177409797E-02, 1.17039075, 9.76104927, 23.6935343
39.9125, 22.1126633, -7.084295898E-02, 15.609008, 7.03132834, 23.4097385, 2.784042189E-03, -3.105361277E-02, 1.25342479, 1.01361344, 0.372775223, 5.56617087, 6.719088238E-04, -1.177090458E-02, 1.1702845, 9.76247406, 23.6815671
40.4125, 22.0957127, -7.084819226E-02, 15.5919484, 7.02405609, 23.3848129, 2.789234869E-03, -3.10594833E-02, 1.25341544, 1.01059818, 0.373641627, 5.56853756, 6.726111775E-04, -1.177111949E-02, 1.1704985, 9.75689077, 23.6847411
40.9125, 22.0957127, -7.084740447E-02, 15.5680066, 7.01509437, 23.3522665, 2.793824845E-03, -3.105572914E-02, 1.25309341, 1.005843, 0.374615854, 5.5705916, 6.731848259E-04, -1.176811716E-02, 1.17039382, 9.75822258, 23.6734947
41.4125, 22.0813141, -7.085179055E-02, 15.5514036, 7.0081958, 23.3283306, 2.798705601E-03, -3.106027528E-02, 1.25305707, 1.00282476, 0.375422217, 5.57283445, 6.738459139E-04, -1.176803338E-02, 1.17056138, 9.75359678, 23.6751436
41.9125, 22.0813141, -7.085106276E-02, 15.5290241, 6.99988895, 23.2980166, 2.803061895E-03, -3.105665811E-02, 1.252756, 0.99834241, 0.376317221, 5.57480836, 6.74396528E-04, -1.176522094E-02, 1.17045843, 9.75484037, 23.6645717
42.4125, 22.0690804, -7.08547332E-02, 15.5129476, 6.99335963, 23.2751099, 2.807653368E-03, -3.106009832E-02, 1.25269849, 0.995349479, 0.377066711, 5.57693544, 6.750196746E-04, -1.176488781E-02, 1.17058699, 9.75102043, 23.6649884
42.9125, 22.0690804, -7.085406055E-02, 15.4920296, 6.98565886, 23.246875, 2.811787405E-03, -3.105661582E-02, 1.25241691, 0.991125969, 0.377888646, 5.57883054, 6.755477858E-04, -1.176224429E-02, 1.17048596, 9.75218296, 23.655051
43.4125, 22.0586891, -7.085712673E-02, 15.4765298, 6.97949163, 23.2250179, 2.816110166E-03, -3.105913144E-02, 1.25234303, 0.988180764, 0.378584251, 5.58084911, 6.761358851E-04, -1.176171936E-02, 1.17058181, 9.7490406, 23.654478
43.9125, 22.0586891, -7.085650475E-02, 15.4569778, 6.97235124, 23.198717, 2.820033027E-03, -3.105577397E-02, 1.25207956, 0.984202642, 0.379338899, 5.58266711, 6.766421153E-04, -1.175924773E-02, 1.17048285, 9.75012875, 23.6451365
44.4125, 22.04986, -7.08590611E-02, 15.442088, 6.96653539, 23.1779138, 2.8241054E-03, -3.105752206E-02, 1.25199326, 0.98132255, 0.379983677, 5.58458371, 6.771977383E-04, -1.175857692E-02, 1.17055135, 9.74755573, 23.6437773
44.9125, 22.04986, -7.08584857E-02, 15.4238138, 6.95991417, 23.1534139, 2.827827766E-03, -3.105428719E-02, 1.25174662, 0.977576667, 0.380676271, 5.58632616, 6.776826509E-04, -1.175625474E-02, 1.17045457, 9.74857426, 23.6349959
45.4125, 22.0423584, -7.086061243E-02, 15.4095542, 6.9544384, 23.1336573, 2.831666987E-03, -3.105540275E-02, 1.25165118, 0.9747753, 0.381273252, 5.58814679, 6.782080836E-04, -1.175547129E-02, 1.17050025, 9.74647999, 23.6330194
45.9125, 22.0423584, -7.086007986E-02, 15.3924727, 6.94829739, 23.1108317, 2.835198769E-03, -3.105229537E-02, 1.2514202, 0.971249287, 0.381908681, 5.58981578, 6.786723718E-04, -1.175329605E-02, 1.17040573, 9.74743366, 23.6247616
46.4125, 22.0359859, -7.08618447E-02, 15.3788532, 6.94314808, 23.0921051, 2.838820322E-03, -3.105289103E-02, 1.25131829, 0.968536211, 0.382460805, 5.59154541, 6.79169653E-04, -1.175243282E-02, 1.17043245, 9.74573946, 23.6223086
46.9125, 22.0359859, -7.086135154E-02, 15.362887, 6.93745172, 23.0708382, 2.842171165E-03, -3.104988794E-02, 1.25110187, 0.965218007, 0.38304363, 5.59314295, 6.796139022E-04, -1.175038624E-02, 1.17034027, 9.74663305, 23.6145429
47.4125, 22.0305729, -7.086281155E-02, 15.3499094, 6.932615, 23.0531171, 2.845589168E-03, -3.105005769E-02, 1.25099569, 0.962600712, 0.383553808, 5.59478674, 6.800849149E-04, -1.174946459E-02, 1.1703513, 9.74527502, 23.6117306
47.9125, 22.0305729, -7.086235465E-02, 15.3349838, 6.92733026, 23.0333002, 2.848768413E-03, -3.104717747E-02, 1.2507928, 0.95947885, 0.384088204, 5.59631476, 6.805098424E-04, -1.174755178E-02, 1.17026152, 9.7461133, 23.604426
48.4125, 22.0259743, -7.086355845E-02, 15.3226418, 6.92279194, 23.0165548, 2.85199613E-03, -3.104699085E-02, 1.25068414, 0.956961788, 0.38455916, 5.59787736, 6.809562468E-04, -1.174659031E-02, 1.1702596, 9.74503517, 23.6013518
48.9125, 22.0259743, -7.086313492E-02, 15.3086889, 6.91788759, 22.9980856, 2.855012383E-03, -3.10442239E-02, 1.25049383, 0.954025402, 0.385048979, 5.59933796, 6.813624703E-04, -1.174479518E-02, 1.17017225, 9.74582052, 23.5944815
49.4125, 22.0220661, -7.086412356E-02, 15.2969722, 6.91363246, 22.9822821, 2.858061654E-03, -3.104375008E-02, 1.2503841, 0.95161161, 0.385483279, 5.60082359, 6.817858048E-04, -1.174381612E-02, 1.17015973, 9.74497747, 23.5912216
49.9125, 22.0220661, -7.086373077E-02, 15.2839272, 6.9090812, 22.9650688, 2.860923227E-03, -3.10410949E-02, 1.25020554, 0.948850175, 0.385932081, 5.602219, 6.821739806E-04, -1.174213051E-02, 1.17007483, 9.74571466, 23.5847572
50.4125, 22.0187473, -7.086453881E-02, 15.2728215, 6.90509418, 22.9501698, 2.86380529E-03, -3.10403924E-02, 1.2500959, 0.946541141, 0.386332196, 5.60363184, 6.82575593E-04, -1.174114622E-02, 1.1700537, 9.74506617, 23.5813799
50.9125, 22.0187473, -7.086417433E-02, 15.2606239, 6.90086923, 22.9341229, 2.866520303E-03, -3.103784078E-02, 1.24992826, 0.943944869, 0.386743314, 5.60496416, 6.829464434E-04, -1.173956194E-02, 1.16997126, 9.74575853, 23.5752966
51.4125, 22.0159264, -7.086483124E-02, 15.250111, 6.89713669, 22.9200919, 2.869245049E-03, -3.103695698E-02, 1.24981963, 0.941740672, 0.387111688, 5.60630725, 6.83327647E-04, -1.173858498E-02, 1.16994318, 9.74527073, 23.5718545
51.9125, 22.0159264, -7.086449285E-02, 15.238705, 6.89321341, 22.9051304, 2.871820965E-03, -3.103451258E-02, 1.24966216, 0.939299973, 0.387488125, 5.60757902, 6.836817775E-04, -1.173709988E-02, 1.16986321, 9.74592066, 23.566128
52.4125, 22.0135307, -7.086502296E-02, 15.2287635, 6.88972085, 22.8919259, 2.874398174E-03, -3.103348243E-02, 1.24955525, 0.937199838, 0.387827082, 5.60885593, 6.840437404E-04, -1.173613204E-02, 1.16982959, 9.74556684, 23.5626624
52.9125, 22.0135307, -7.086470862E-02, 15.2180973, 6.88607739, 22.877975, 2.876842069E-03, -3.10311391E-02, 1.24940726, 0.934905833, 0.38817161, 5.61006934, 6.843817916E-04, -1.173473991E-02, 1.16975207, 9.7461772, 23.5572731
53.4125, 22.0114956, -7.086513315E-02, 15.2087071, 6.88281022, 22.8655588, 2.879280407E-03, -3.102999727E-02, 1.24930263, 0.932908055, 0.388483113, 5.61128364, 6.847255587E-04, -1.173378754E-02, 1.16971412, 9.74593496, 23.5538171
53.9125, 22.0114956, -7.086484098E-02, 15.1987309, 6.87942596, 22.8525482, 2.88159902E-03, -3.102775038E-02, 1.24916348, 0.930752245, 0.38879834, 5.61244081, 6.850482081E-04, -1.173248351E-02, 1.16963903, 9.74650908, 23.5487445
54.4125, 22.0097656, -7.086517739E-02, 15.1898682, 6.87637124, 22.8408788, 2.883906786E-03, -3.102653856E-02, 1.24906155, 0.928854477, 0.389084556, 5.61359538, 6.853748196E-04, -1.173155407E-02, 1.16959774, 9.74635601, 23.5453275
54.9125, 22.0097656, -7.08649057E-02, 15.1805372, 6.87322692, 22.8287428, 2.886106727E-03, -3.102437258E-02, 1.24893064, 0.926828779, 0.389372843, 5.61469821, 6.856826473E-04, -1.173032687E-02, 1.16952505, 9.74689579, 23.5405494
55.4125, 22.008297, -7.086516874E-02, 15.1721791, 6.87037202, 22.8177832, 2.888291542E-03, -3.102309931E-02, 1.2488317, 0.925028592, 0.389635498, 5.61579593, 6.85993027E-04, -1.172943363E-02, 1.16948125, 9.74681711, 23.5371945
55.9125, 22.008297, -7.086491594E-02, 15.1634494, 6.8674495, 22.8064606, 2.890378845E-03, -3.102103131E-02, 1.2487085, 0.923125449, 0.389899052, 5.61684698, 6.862866406E-04, -1.172828155E-02, 1.16941095, 9.74732542, 23.5326931
56.4125, 22.0070496, -7.086511817E-02, 15.1555727, 6.86478218, 22.7961715, 2.89244778E-03, -3.101971621E-02, 1.24861279, 0.921419434, 0.390139992, 5.61789042, 6.865816418E-04, -1.172740916E-02, 1.16936536, 9.74730682, 23.5294137
56.9125, 22.0070496, -7.086488281E-02, 15.1474052, 6.86206518, 22.7856065, 2.894428337E-03, -3.101772888E-02, 1.24849678, 0.919631612, 0.390380848, 5.61889174, 6.86861679E-04, -1.172633453E-02, 1.16929741, 9.74778605, 23.5251738
57.4125, 22.0059891, -7.086503471E-02, 15.1399865, 6.85957334, 22.7759508, 2.89638782E-03, -3.101639278E-02, 1.24840442, 0.918016869, 0.390601601, 5.61988371, 6.871421065E-04, -1.172549386E-02, 1.16925059, 9.74781561, 23.5219864
57.9125, 22.0059891, -7.086481548E-02, 15.1323431, 6.85704735, 22.7660906, 2.898267004E-03, -3.101449941E-02, 1.24829512, 0.916337605, 0.390821594, 5.62083712, 6.874091299E-04, -1.172448521E-02, 1.16918495, 9.74826717, 23.5179914
58.4125, 22.0050869, -7.086492584E-02, 15.1253593, 6.85471974, 22.7570325, 2.900123372E-03, -3.101315093E-02, 1.24820622, 0.914810232, 0.391023887, 5.62178015, 6.876757447E-04, -1.172368337E-02, 1.16913741, 9.74833536, 23.5149007
58.9125, 22.0050869, -7.086472151E-02, 15.1182068, 6.85237075, 22.7478291, 2.901906591E-03, -3.10113298E-02, 1.24810321, 0.913233106, 0.39122472, 5.62268781, 6.879302864E-04, -1.172273493E-02, 1.16907403, 9.74876118, 23.5111366
59.4125, 22.0043221, -7.086479783E-02, 15.1116347, 6.85019686, 22.7393337, 2.903665644E-03, -3.100998058E-02, 1.24801779, 0.911789747, 0.391409778, 5.62358414, 6.881838004E-04, -1.172196207E-02, 1.1690262, 9.74885941, 23.5081516
59.9125, 22.0043221, -7.086460727E-02, 15.1049397, 6.84801139, 22.7307412, 2.905357847E-03, -3.100824022E-02, 1.24792064, 0.910308626, 0.391593048, 5.62444798, 6.884264343E-04, -1.172107358E-02, 1.16896503, 9.7492609, 23.5046038
60.4125, 22.0036716, -7.086465559E-02, 15.0987576, 6.84598144, 22.7227754, 2.907024884E-03, -3.100690372E-02, 1.24783869, 0.908945485, 0.391762343, 5.62529963, 6.886675172E-04, -1.172033933E-02, 1.1689172, 9.74938393, 23.5017276
60.9125, 22.0036716, -7.086447778E-02, 15.0924906, 6.84394778, 22.7147521, 2.908630816E-03, -3.100523063E-02, 1.24774704, 0.907554668, 0.391929474, 5.62612161, 6.8889874E-04, -1.171950131E-02, 1.1688582, 9.74976254, 23.4983828
61.4125, 22.0031204, -7.08645035E-02, 15.0866778, 6.84205214, 22.707285, 2.910210823E-03, -3.100391214E-02, 1.24766855, 0.906268267, 0.39208407, 5.62693135, 6.891280312E-04, -1.171879537E-02, 1.16881067, 9.74990368, 23.4956184
61.9125, 22.0031204, -7.08643375E-02, 15.0808101, 6.84015949, 22.6997917, 2.911734898E-03, -3.100231258E-02, 1.24758204, 0.904962365, 0.392236423, 5.62771319, 6.893483342E-04, -1.171801523E-02, 1.16875379, 9.75026131, 23.4924674
62.4125, 22.0026512, -7.086434481E-02, 15.0753455, 6.83838988, 22.692793, 2.913232982E-03, -3.100101589E-02, 1.24750693, 0.903749049, 0.392377685, 5.62848219, 6.895664034E-04, -1.171735078E-02, 1.16870677, 9.7504158, 23.4898152
62.9125, 22.0026512, -7.086418974E-02, 15.0698509, 6.83662745, 22.6857928, 2.914679355E-03, -3.09994838E-02, 1.24742524, 0.902522973, 0.392516429, 5.62922601, 6.897763088E-04, -1.171661113E-02, 1.16865197, 9.7507534, 23.4868428
63.4125, 22.0022526, -7.086418228E-02, 15.0647149, 6.83497478, 22.6792332, 2.916099623E-03, -3.099821944E-02, 1.24735344, 0.901379162, 0.39264533, 5.62995675, 6.899837593E-04, -1.171598383E-02, 1.16860564, 9.75091743, 23.4843042
63.9125, 22.0022526, -7.086403734E-02, 15.0595691, 6.83333379, 22.6726933, 2.917472416E-03, -3.099675682E-02, 1.24727626, 0.90022804, 0.392771641, 5.63066411, 6.901836982E-04, -1.171528906E-02, 1.16855283, 9.75123644, 23.4815004
64.4125, 22.0019131, -7.086401829E-02, 15.0547437, 6.83179094, 22.6665477, 2.91881954E-03, -3.099551374E-02, 1.24720771, 0.899150505, 0.392889093, 5.63135825, 6.903810494E-04, -1.171468298E-02, 1.1685074, 9.75140762, 23.4790744
64.9125, 22.0019131, -7.086388274E-02, 15.0499235, 6.83026222, 22.6604353, 2.920122336E-03, -3.099411095E-02, 1.24713477, 0.898069849, 0.393004009, 5.63203065, 6.905715019E-04, -1.171403235E-02, 1.16845654, 9.75170898, 23.4764307
65.4125, 22.0016251, -7.086385444E-02, 15.0453896, 6.8288213, 22.6546763, 2.921399964E-03, -3.099289966E-02, 1.24706934, 0.897054792, 0.393111021, 5.63269023, 6.907592152E-04, -1.171346685E-02, 1.16841205, 9.75188398, 23.4741124
65.9125, 22.0016251, -7.08637276E-02, 15.0408747, 6.82739677, 22.6489643, 2.922636607E-03, -3.09915595E-02, 1.24700036, 0.896040367, 0.393215478, 5.63332931, 6.909405992E-04, -1.171285845E-02, 1.1683631, 9.75216866, 23.4716187
66.4125, 22.0013809, -7.086369227E-02, 15.0366148, 6.82605156, 22.6435681, 2.923848581E-03, -3.099039159E-02, 1.24693795, 0.895084733, 0.3933129, 5.63395582, 6.911191863E-04, -1.171231466E-02, 1.16831968, 9.75234604, 23.4694078
66.9125, 22.0013809, -7.086357352E-02, 15.0323845, 6.82472377, 22.638227, 2.925022526E-03, -3.098910726E-02, 1.2468727, 0.894132479, 0.393407781, 5.63456326, 6.912919256E-04, -1.171174626E-02, 1.16827256, 9.75261545, 23.4670556
67.4125, 22.001173, -7.08635329E-02, 15.0283834, 6.82346687, 22.6331707, 2.926172103E-03, -3.098797382E-02, 1.24681319, 0.893232986, 0.393496307, 5.63515824, 6.91461844E-04, -1.17112361E-02, 1.16823025, 9.75279284, 23.46495
67.9125, 22.001173, -7.086342165E-02, 15.0244189, 6.82222918, 22.628177, 2.927286351E-03, -3.098674377E-02, 1.24675146, 0.892339223, 0.393582404, 5.63573547, 6.916263156E-04, -1.171070015E-02, 1.16818492, 9.75304794, 23.4627288
68.4125, 22.0009956, -7.0863377E-02, 15.0206615, 6.82105555, 22.6234403, 2.928377108E-03, -3.098564769E-02, 1.24669476, 0.891492938, 0.39366285, 5.63630045, 6.917879726E-04, -1.171021345E-02, 1.16814379, 9.7532239, 23.4607248
68.9125, 22.0009956, -7.086327273E-02, 15.0169461, 6.81990133, 22.6187702, 2.929434844E-03, -3.098447053E-02, 1.2466363, 0.890654095, 0.39374093, 5.6368489, 6.919445761E-04, -1.170970837E-02, 1.16810019, 9.75346613, 23.458627
69.4125, 22.0008469, -7.086322533E-02, 15.0134173, 6.81880478, 22.6143318, 2.930469841E-03, -3.09834062E-02, 1.24658229, 0.889858074, 0.393813894, 5.63738544, 6.920983611E-04, -1.170925358E-02, 1.16806029, 9.7536397, 23.4567216
69.9125, 22.0008469, -7.086312754E-02, 15.0099349, 6.81772835, 22.6099633, 2.931474199E-03, -3.098228685E-02, 1.24652692, 0.889070689, 0.3938846, 5.6379065, 6.922474489E-04, -1.170878295E-02, 1.16801837, 9.75386858, 23.4547419
70.4125, 22.0007191, -7.086307842E-02, 15.00662, 6.81670396, 22.6058037, 2.932456398E-03, -3.098126203E-02, 1.24647546, 0.8883222, 0.393950748, 5.63841603, 6.92393781E-04, -1.170835214E-02, 1.16797966, 9.75403881, 23.4529291
70.9125, 22.0007191, -7.086298667E-02, 15.0033551, 6.8156996, 22.6017172, 2.933409839E-03, -3.098018738E-02, 1.24642301, 0.887583312, 0.394014743, 5.6389108, 6.925357411E-04, -1.170790874E-02, 1.16793937, 9.75425577, 23.4510604
71.4125, 22.0006104, -7.086293631E-02, 15.0002425, 6.81474216, 22.5978193, 2.934341871E-03, -3.097919597E-02, 1.24637402, 0.886879407, 0.394074636, 5.63939479, 6.926749491E-04, -1.170749925E-02, 1.16790191, 9.75442266, 23.4493404
71.9125, 22.0006104, -7.086285017E-02, 14.997181, 6.81380514, 22.593995, 2.935247118E-03, -3.097816978E-02, 1.2463243, 0.886185945, 0.394132463, 5.63986491, 6.928100909E-04, -1.170708567E-02, 1.16786319, 9.75462818, 23.4475746
72.4125, 22.0005188, -7.086279961E-02, 14.9942578, 6.81291022, 22.5903425, 2.936131823E-03, -3.097722106E-02, 1.24627765, 0.885524374, 0.394186636, 5.64032416, 6.929425396E-04, -1.170670001E-02, 1.16782697, 9.75479126, 23.4459405
72.9125, 22.0005188, -7.08627187E-02, 14.991387, 6.81203503, 22.5867632, 2.936991279E-03, -3.097623688E-02, 1.24623052, 0.884873591, 0.394238849, 5.64077069, 6.93071193E-04, -1.170630909E-02, 1.16778976, 9.75498629, 23.4442742
73.4125, 22.0004406, -7.086266815E-02, 14.988642, 6.81119875, 22.58334, 2.937830956E-03, -3.097532624E-02, 1.24618611, 0.884251854, 0.394287724, 5.64120659, 6.931971961E-04, -1.170594398E-02, 1.16775478, 9.75514412, 23.442722
73.9125, 22.0004406, -7.086259211E-02, 14.985949, 6.81038163, 22.5799892, 2.93864707E-03, -3.097438763E-02, 1.24614141, 0.883641148, 0.39433479, 5.64163041, 6.933196688E-04, -1.170557719E-02, 1.16771904, 9.75532866, 23.4411491
74.4125, 22.0003738, -7.086254206E-02, 14.9833707, 6.80960005, 22.5767807, 2.939444271E-03, -3.09735098E-02, 1.24609915, 0.883056941, 0.394378849, 5.64204446, 6.934395714E-04, -1.170523946E-02, 1.16768528, 9.7554822, 23.439677
74.9125, 22.0003738, -7.086247057E-02, 14.9808443, 6.80883668, 22.5736428, 2.940219193E-03, -3.097261306E-02, 1.24605674, 0.882483822, 0.394421217, 5.64244701, 6.935561109E-04, -1.170489524E-02, 1.16765096, 9.7556572, 23.4381893
75.4125, 22.0003185, -7.086242135E-02, 14.9784235, 6.80810589, 22.5706362, 2.940975954E-03, -3.097176681E-02, 1.24601651, 0.881934926, 0.394460889, 5.64283991, 6.936702044E-04, -1.170457114E-02, 1.1676184, 9.75580549, 23.436794
75.9125, 22.0003185, -7.08623541E-02, 14.9760531, 6.80739255, 22.5676972, 2.941711872E-03, -3.097090904E-02, 1.24597626, 0.881397111, 0.394498959, 5.6432222, 6.937811428E-04, -1.170425219E-02, 1.16758545, 9.75597191, 23.4353878
76.4125, 22.0002708, -7.086230593E-02, 14.973779, 6.80670903, 22.5648782, 2.942430396E-03, -3.09701005E-02, 1.24593795, 0.880881433, 0.394534637, 5.64359507, 6.938897028E-04, -1.170394636E-02, 1.16755407, 9.75611401, 23.4340648
76.9125, 22.0002708, -7.086224263E-02, 14.971555, 6.80604266, 22.5621263, 2.943129181E-03, -3.096928132E-02, 1.24589974, 0.880376743, 0.394568797, 5.64395789, 6.9399527E-04, -1.170364451E-02, 1.16752243, 9.75627279, 23.4327358
77.4125, 22.0002289, -7.086219597E-02, 14.9694187, 6.80540292, 22.5594828, 2.943811355E-03, -3.09685068E-02, 1.24586322, 0.87989245, 0.394600756, 5.64431215, 6.940985463E-04, -1.170336181E-02, 1.16749217, 9.7564106, 23.4314828
77.9125, 22.0002289, -7.086213637E-02, 14.9673321, 6.80478012, 22.5569045, 2.944475101E-03, -3.09677186E-02, 1.24582693, 0.879418971, 0.394631377, 5.64465651, 6.941990736E-04, -1.170307642E-02, 1.16746181, 9.75656033, 23.4302267
78.4125, 22.0001945, -7.086209067E-02, 14.9653254, 6.80418181, 22.554426, 2.945122922E-03, -3.096697831E-02, 1.24579225, 0.878964193, 0.394659967, 5.64499249, 6.942973133E-04, -1.170280948E-02, 1.16743274, 9.75669289, 23.4290376
78.9125, 22.0001945, -7.086203451E-02, 14.9633666, 6.80359947, 22.5520104, 2.945753246E-03, -3.096623325E-02, 1.24575777, 0.878519833, 0.394687312, 5.64531942, 6.94392952E-04, -1.170253918E-02, 1.16740361, 9.75683546, 23.427851
79.4125, 22.0001659, -7.086199054E-02, 14.9614811, 6.80303946, 22.5496855, 2.946368391E-03, -3.09655224E-02, 1.24572471, 0.878092511, 0.394712902, 5.64563834, 6.944864628E-04, -1.170229224E-02, 1.16737561, 9.75696325, 23.4267244
79.9125, 22.0001659, -7.086193761E-02, 14.9596421, 6.80249466, 22.5474213, 2.946967066E-03, -3.096481017E-02, 1.24569195, 0.877675545, 0.394737258, 5.64594862, 6.945774586E-04, -1.170203888E-02, 1.16734765, 9.75709772, 23.4256035
80.4125, 22.0001411, -7.086189522E-02, 14.9578714, 6.80197081, 22.5452416, 2.947551226E-03, -3.096412599E-02, 1.2456605, 0.877274536, 0.394760018, 5.64625126, 6.946664403E-04, -1.170179759E-02, 1.16732075, 9.75722027, 23.424535
80.9125, 22.0001411, -7.086184531E-02, 14.9561449, 6.80146112, 22.5431192, 2.948119961E-03, -3.096344004E-02, 1.24562936, 0.876883301, 0.39478171, 5.64654594, 6.947530432E-04, -1.170156067E-02, 1.16729394, 9.75734949, 23.4234741
81.4125, 22.0001202, -7.086180458E-02, 14.9544809, 6.80097069, 22.5410746, 2.948674687E-03, -3.096278742E-02, 1.24559939, 0.876506731, 0.394801918, 5.64683319, 6.948376783E-04, -1.170134084E-02, 1.16726805, 9.75746679, 23.4224637
81.9125, 22.0001202, -7.08617575E-02, 14.9528591, 6.8004936, 22.5390839, 2.94921487E-03, -3.096213667E-02, 1.24556977, 0.876139657, 0.394821146, 5.64711275, 6.94920112E-04, -1.17011178E-02, 1.16724231, 9.75758886, 23.4214614
82.4125, 22.0001011, -7.086171779E-02, 14.9512957, 6.80003429, 22.537166, 2.949741893E-03, -3.096150942E-02, 1.24554129, 0.875785979, 0.394839048, 5.64738542, 6.950006285E-04, -1.17009067E-02, 1.16721749, 9.75770092, 23.4205011
82.9125, 22.0001011, -7.086167335E-02, 14.9497728, 6.79958778, 22.5352997, 2.95025493E-03, -3.096088975E-02, 1.24551313, 0.875441532, 0.394856019, 5.64765068, 6.950790893E-04, -1.170069256E-02, 1.16719282, 9.75781727, 23.4195541
83.4125, 22.0000858, -7.086163618E-02, 14.9483041, 6.79915779, 22.5335006, 2.950755396E-03, -3.09602871E-02, 1.24548594, 0.875109546, 0.394871882, 5.64790934, 6.95155688E-04, -1.170050032E-02, 1.16716893, 9.75792503, 23.4186461
83.9125, 22.0000858, -7.086159422E-02, 14.9468731, 6.79873981, 22.5317492, 2.951242856E-03, -3.095969075E-02, 1.24545916, 0.874786345, 0.39488684, 5.64816118, 6.952303515E-04, -1.170030174E-02, 1.16714527, 9.75803566, 23.4177491
84.4125, 22.0000725, -7.086155768E-02, 14.9454926, 6.79833672, 22.5300606, 2.951718228E-03, -3.095912169E-02, 1.24543329, 0.874474754, 0.394900712, 5.64840653, 6.953032668E-04, -1.170012379E-02, 1.16712234, 9.75813866, 23.4168892
84.9125, 22.0000725, -7.086151804E-02, 14.9441484, 6.79794521, 22.5284184, 2.952181304E-03, -3.095855111E-02, 1.24540782, 0.874171472, 0.394913829, 5.64864553, 6.953742999E-04, -1.169993777E-02, 1.16709966, 9.75824404, 23.4160413
85.4125, 22.0000629, -7.086148365E-02, 14.942851, 6.79756751, 22.5268334, 2.952632849E-03, -3.095800038E-02, 1.24538318, 0.873879077, 0.394925925, 5.64887872, 6.954436809E-04, -1.169976262E-02, 1.16707765, 9.75834274, 23.4152267
85.9125, 22.0000629, -7.08614462E-02, 14.9415889, 6.79720098, 22.5252931, 2.953072743E-03, -3.09574607E-02, 1.24535893, 0.873594521, 0.394937352, 5.64910564, 6.955112607E-04, -1.169959097E-02, 1.16705591, 9.75844288, 23.4144245
86.4125, 22.0000534, -7.086141315E-02, 14.9403682, 6.79684718, 22.5238052, 2.9535018E-03, -3.095693564E-02, 1.24533545, 0.873319914, 0.394947896, 5.64932638, 6.955772547E-04, -1.169942564E-02, 1.16703479, 9.75853777, 23.4136523
86.9125, 22.0000534, -7.086137774E-02, 14.9391818, 6.79650362, 22.5223592, 2.953919742E-03, -3.095641767E-02, 1.24531238, 0.873052961, 0.394957818, 5.64954154, 6.956415864E-04, -1.169926254E-02, 1.16701395, 9.75863314, 23.4128944
87.4125, 22.0000458, -7.086134635E-02, 14.9380354, 6.79617182, 22.5209626, 2.954327334E-03, -3.095591009E-02, 1.24529001, 0.872795212, 0.394966996, 5.64975135, 6.957043717E-04, -1.169910752E-02, 1.16699368, 9.75872326, 23.4121641
87.9125, 22.0000458, -7.086131287E-02, 14.9369195, 6.79584976, 22.5196048, 2.954724465E-03, -3.095542237E-02, 1.24526802, 0.872544739, 0.394975539, 5.6499556, 6.957655892E-04, -1.169895592E-02, 1.1669737, 9.75881386, 23.4114453
88.4125, 22.0000381, -7.086128263E-02, 14.9358416, 6.79553898, 22.5182937, 2.955111762E-03, -3.095493958E-02, 1.24524672, 0.872302769, 0.394983421, 5.65015453, 6.958253726E-04, -1.169881331E-02, 1.16695427, 9.75890064, 23.4107531
88.9125, 22.0000381, -7.086125095E-02, 14.9347932, 6.79523731, 22.5170201, 2.955489079E-03, -3.0954473E-02, 1.2452258, 0.87206772, 0.394990722, 5.65034832, 6.958836011E-04, -1.169866945E-02, 1.16693512, 9.75898695, 23.4100753
89.4125, 22.0000324, -7.086122212E-02, 14.9337799, 6.79494542, 22.5157886, 2.955856949E-03, -3.09540109E-02, 1.24520549, 0.871840772, 0.394997375, 5.65053708, 6.959404539E-04, -1.169853132E-02, 1.16691648, 9.75906992, 23.4094193
89.9125, 22.0000324, -7.086119214E-02, 14.9327946, 6.79466244, 22.5145927, 2.956215452E-03, -3.095356137E-02, 1.24518556, 0.871620264, 0.395003554, 5.65072097, 6.959958803E-04, -1.16983973E-02, 1.16689812, 9.75915241, 23.4087767
90.4125, 22.0000267, -7.086116511E-02, 14.9318406, 6.79438876, 22.5134355, 2.956565133E-03, -3.095312338E-02, 1.24516619, 0.871407007, 0.395009139, 5.65090036, 6.960499663E-04, -1.169826831E-02, 1.16688024, 9.75923061, 23.408155
90.9125, 22.0000267, -7.086113672E-02, 14.9309141, 6.79412348, 22.512312, 2.95690569E-03, -3.095268877E-02, 1.24514721, 0.871200118, 0.395014342, 5.65107493, 6.961027036E-04, -1.169814438E-02, 1.16686266, 9.75930929, 23.4075471
91.4125, 22.0000229, -7.086110954E-02, 14.9300177, 6.79386695, 22.5112259, 2.957237914E-03, -3.095227687E-02, 1.24512877, 0.871000238, 0.39501905, 5.65124467, 6.961541701E-04, -1.169802609E-02, 1.16684554, 9.75938368, 23.4069583
91.9125, 22.0000229, -7.086108265E-02, 14.9291464, 6.79361784, 22.5101709, 2.957561615E-03, -3.09518647E-02, 1.24511069, 0.870806009, 0.395023288, 5.65141017, 6.962043418E-04, -1.169790994E-02, 1.16682869, 9.75945902, 23.4063843
92.4125, 22.0000191, -7.086105824E-02, 14.9283031, 6.79337693, 22.5091502, 2.957877227E-03, -3.095146637E-02, 1.24509308, 0.870618349, 0.395027083, 5.65157177, 6.962533071E-04, -1.169779805E-02, 1.16681225, 9.75953102, 23.405826
92.9125, 22.0000191, -7.086103277E-02, 14.9274843, 6.79314317, 22.5081597, 2.958184847E-03, -3.095107106E-02, 1.24507584, 0.870436158, 0.395030537, 5.65172882, 6.963010713E-04, -1.16976839E-02, 1.16679611, 9.75960302, 23.405281
93.4125, 22.0000172, -7.08610091E-02, 14.9266901, 6.79291739, 22.5071999, 2.958484904E-03, -3.095068739E-02, 1.24505907, 0.870260014, 0.395033608, 5.65188183, 6.963476851E-04, -1.169757631E-02, 1.16678037, 9.75967169, 23.4047537
93.9125, 22.0000172, -7.086098496E-02, 14.9259196, 6.79269797, 22.5062688, 2.958777198E-03, -3.095031704E-02, 1.24504264, 0.870089031, 0.395036313, 5.65203104, 6.963931059E-04, -1.169747049E-02, 1.1667649, 9.7597394, 23.4042373
94.4125, 22.0000153, -7.086096216E-02, 14.9251736, 6.79248572, 22.5053678, 2.959062253E-03, -3.094994901E-02, 1.24502665, 0.869923699, 0.395038614, 5.65217615, 6.964374396E-04, -1.169737246E-02, 1.16674982, 9.75980473, 23.4037376
94.9125, 22.0000153, -7.086093928E-02, 14.9244488, 6.79227982, 22.5044931, 2.959340078E-03, -3.094959036E-02, 1.24501099, 0.869763336, 0.395040679, 5.65231764, 6.964806736E-04, -1.169727676E-02, 1.166735, 9.75986958, 23.4032493
95.4125, 22.0000114, -7.08609174E-02, 14.9237459, 6.79208062, 22.5036453, 2.95961109E-03, -3.094924476E-02, 1.24499574, 0.869608247, 0.395042412, 5.65245556, 6.965228904E-04, -1.169718183E-02, 1.16672056, 9.75993204, 23.4027748
95.9125, 22.0000114, -7.08608957E-02, 14.9230638, 6.79188746, 22.5028233, 2.959875158E-03, -3.094890552E-02, 1.24498082, 0.869457762, 0.395043887, 5.65258978, 6.965640369E-04, -1.169709171E-02, 1.16670637, 9.75999403, 23.4023132
96.4125, 22.0000095, -7.086087644E-02, 14.922403, 6.7917, 22.5020262, 2.96013259E-03, -3.094857041E-02, 1.24496625, 0.869312062, 0.395045041, 5.65272079, 6.96604155E-04, -1.169700229E-02, 1.1666925, 9.76005363, 23.4018635
96.9125, 22.0000095, -7.086085585E-02, 14.9217613, 6.79151901, 22.501254, 2.960383614E-03, -3.094824119E-02, 1.24495201, 0.869170836, 0.395045985, 5.65284804, 6.966433096E-04, -1.169691285E-02, 1.16667891, 9.76011276, 23.4014262
97.4125, 22.0000095, -7.086083548E-02, 14.9211393, 6.79134308, 22.5005048, 2.960628308E-03, -3.09479277E-02, 1.24493813, 0.869034232, 0.395046697, 5.65297201, 6.966814925E-04, -1.169683067E-02, 1.16666565, 9.76016998, 23.4010013
97.9125, 22.0000095, -7.086081595E-02, 14.9205352, 6.7911726, 22.4997783, 2.96086695E-03, -3.094761323E-02, 1.24492456, 0.868901731, 0.395047171, 5.65309289, 6.967187482E-04, -1.169674746E-02, 1.16665263, 9.76022625, 23.4005859
98.4125, 22.0000076, -7.086079822E-02, 14.91995, 6.79100726, 22.4990741, 2.961099489E-03, -3.094730829E-02, 1.24491132, 0.868773406, 0.395047376, 5.65321074, 6.967551134E-04, -1.169667104E-02, 1.16663992, 9.76028061, 23.4001838
98.9125, 22.0000076, -7.086077968E-02, 14.9193814, 6.79084733, 22.498391, 2.96132629E-03, -3.094701645E-02, 1.24489836, 0.868648989, 0.395047448, 5.65332554, 6.96790532E-04, -1.169659326E-02, 1.16662746, 9.76033449, 23.3997899
99.4125, 22.0000076, -7.086076045E-02, 14.9188305, 6.79069211, 22.4977292, 2.961547374E-03, -3.094672563E-02, 1.24488575, 0.868528758, 0.395047342, 5.65343691, 6.968251202E-04, -1.169652166E-02, 1.1666153, 9.76038599, 23.3994092
99.70625, 22.0000076, -7.086075005E-02, 14.9185139, 6.79060279, 22.4973485, 2.961674766E-03, -3.094655965E-02, 1.24487845, 0.868459737, 0.395047158, 5.65350114, 6.968450222E-04, -1.169648064E-02, 1.16660826, 9.76041603, 23.3991896
100, 22.0000076, -7.086073981E-02, 14.9182035, 6.79051531, 22.496976, 2.961800088E-03, -3.094639117E-02, 1.24487126, 0.868392027, 0.395046945, 5.65356443, 6.968646567E-04, -1.169643891E-02, 1.16660131, 9.76044655, 23.3989729
100.1, 63.6734734, -0.122018949, -15.4098779, -3.98720508, 17.9396697, 8.996409541E-04, 2.967998775E-02, -1.62296016, -1.7801955, -1.86586307, 19.5251388, 1.308483079E-03, 1.058096318E-03, -1.54187271, 49.6250384, -42.5817122
100.2, 63.6734734, -0.121992141, -15.2857258, -3.95616211, 17.7970885, 8.942179959E-04, 2.964922643E-02, -1.62238917, -1.74519091, -1.86827392, 19.4999215, 1.307187449E-03, 1.014974336E-03, -1.54228601, 49.6181071, -41.4818935
100.35, 63.6734734, -0.121963284, -15.1273562, -3.91340726, 17.6115238, 8.861066991E-04, 2.961643955E-02, -1.62135958, -1.70208611, -1.8715049, 19.4697407, 1.305801304E-03, 9.698397653E-04, -1.54274439, 49.608263, -40.1570415
100.575, 63.6734734, -0.121930411, -14.9185287, -3.85338358, 17.3625964, 8.741053208E-04, 2.957094071E-02, -1.61966725, -1.64722937, -1.87578527, 19.4318113, 1.3042846E-03, 9.119090558E-04, -1.54326913, 49.5940795, -38.8038587
100.9125, 63.6734734, -0.121893019, -14.6438356, -3.76924033, 17.0291485, 8.565634028E-04, 2.951920761E-02, -1.61697058, -1.57810414, -1.88129112, 19.3843322, 1.302769787E-03, 8.480345462E-04, -1.54384648, 49.5737889, -37.4149208
101.4125, 76.7113876, -0.107657333, -16.6792502, -2.9469383, 18.0435921, 1.030799004E-03, 3.473357408E-02, -1.65235863, -2.65295794, -2.01125398, 21.2851748, 1.451094509E-03, 3.428408327E-03, -1.64717794, 43.3930736, -31.7458779
101.9125, 76.7113876, -0.107657358, -16.4248139, -2.86975555, 17.7457955, 1.012117901E-03, 3.470145366E-02, -1.64857114, -2.59834497, -2.00968723, 21.2361629, 1.452230316E-03, 3.409498584E-03, -1.64670665, 43.3512502, -31.0891149
102.4125, 90.895752, -0.116261256, -24.345367, -5.28380651, 27.3488691, 9.362288711E-04, 5.290218703E-02, -2.37603918, -3.49149658, -2.59631579, 25.2637003, 1.728682958E-03, 9.002104868E-03, -2.34430382, 52.1805744, -41.2361982
102.9125, 94.7623749, -0.111386872, -24.2039059, -5.11202289, 27.0625954, 9.555647473E-04, 5.361011264E-02, -2.31490611, -3.63907319, -2.49582914, 24.9990181, 1.719582768E-03, 9.055122551E-03, -2.30346108, 50.6154447, -38.1239278
103.4125, 96.4288559, -0.110119096, -24.5059945, -5.18981092, 27.4262776, 9.727298668E-04, 5.321824063E-02, -2.31977997, -3.7460693, -2.44859998, 24.8167309, 1.715692235E-03, 9.266047737E-03, -2.31052366, 51.2253203, -37.8093854
103.9125, 96.3143158, -0.103443435, -23.1305511, -4.60698293, 25.6059513, 9.770416553E-04, 4.862979568E-02, -2.10074293, -3.89625805, -2.1417776, 23.2115439, 1.619918325E-03, 7.974424387E-03, -2.10696071, 49.431428, -34.7567412
104.4125, 96.3143158, -0.103416441, -22.7931018, -4.52105271, 25.2194188, 9.802714987E-04, 4.851837349E-02, -2.09763233, -3.80926825, -2.14561499, 23.1430932, 1.620859533E-03, 7.93497199E-03, -2.10672353, 49.395711, -34.2573463
104.9125, 96.3143158, -0.103390446, -22.4717876, -4.43839732, 24.8507271, 9.852644431E-04, 4.852007466E-02, -2.09447175, -3.727872, -2.14847259, 23.076512, 1.621873133E-03, 7.863864767E-03, -2.10631805, 49.3614416, -33.8079119
105.255619, 105.487717, -0.114937523, -28.6887249, -6.96631402, 33.142205, 1.217632237E-03, 6.319188847E-02, -2.73952466, -4.04335466, -2.61445689, 25.7881692, 1.802806466E-03, 1.181690975E-02, -2.70012947, 59.4402719, -43.9924687
105.598739, 105.487717, -0.114761448, -28.0698343, -6.85346236, 32.4768006, 1.216757367E-03, 6.303138934E-02, -2.73877393, -3.83135556, -2.63911784, 25.6570155, 1.795985386E-03, 1.1590344E-02, -2.70149815, 59.4125002, -41.4390675
106.098739, 105.965515, -0.104352255, -25.4982048, -5.34798916, 28.5458745, 1.155270717E-03, 5.751388879E-02, -2.44908051, -3.96896564, -2.42092258, 24.6109013, 1.744633991E-03, 1.040490284E-02, -2.45294503, 53.8505454, -33.4357617
106.598739, 105.965515, -0.104321312, -25.1895667, -5.26873649, 28.1905099, 1.175302643E-03, 5.746301955E-02, -2.44592184, -3.89012288, -2.42464955, 24.5506159, 1.746602847E-03, 1.0354444E-02, -2.45250327, 53.82159, -32.8326592
107.098739, 104.474922, -0.101062774, -23.4904844, -4.82401495, 26.2037233, 1.12569138E-03, 5.384875831E-02, -2.28046258, -3.72465562, -2.23171767, 23.3503324, 1.669294299E-03, 8.986233765E-03, -2.2991189, 52.1233993, -30.1867812
107.598739, 103.003593, -0.100128562, -22.7376142, -4.66653432, 25.3644339, 1.117536988E-03, 5.151500259E-02, -2.19725401, -3.65473526, -2.11908577, 22.5886299, 1.623064558E-03, 8.400995589E-03, -2.2162035, 52.1275177, -29.8115858
108.098739, 102.577202, -9.87736805E-02, -22.0975227, -4.40701904, 24.5285536, 1.121234079E-03, 5.041847472E-02, -2.14379349, -3.60914078, -2.07602668, 22.2884371, 1.609328785E-03, 8.066307475E-03, -2.16896118, 51.3900075, -28.7035371
108.598739, 102.528282, -9.889060954E-02, -21.9358188, -4.45179795, 24.4275153, 1.13692102E-03, 5.01622481E-02, -2.14089561, -3.5608351, -2.04092299, 22.0348727, 1.596069481E-03, 7.90056164E-03, -2.16518029, 51.8398614, -29.2767283
109.098739, 102.280151, -9.817584215E-02, -21.5773948, -4.31929866, 23.9737493, 1.149637877E-03, 4.945921431E-02, -2.10815145, -3.53203251, -2.01021148, 21.7969455, 1.585856829E-03, 7.703162488E-03, -2.13553126, 51.6353126, -28.9555543
109.598739, 102.188385, -9.777116915E-02, -21.3083082, -4.24713904, 23.6602307, 1.164367008E-03, 4.90516263E-02, -2.09032055, -3.49705568, -1.98605793, 21.6093445, 1.578106271E-03, 7.566672578E-03, -2.11955647, 51.6035481, -28.8986555
110.098739, 102.102989, -9.696651942E-02, -20.9673901, -4.13333578, 23.2409413, 1.175628243E-03, 4.843082337E-02, -2.06070053, -3.47317322, -1.94933838, 21.3624633, 1.56663139E-03, 7.377328534E-03, -2.09301357, 51.3890762, -28.5954897
110.598739, 102.51313, -9.789502816E-02, -21.1913837, -4.26961795, 23.5809483, 1.212838971E-03, 4.923230574E-02, -2.09708577, -3.45391982, -1.96935785, 21.4352206, 1.575405907E-03, 7.546336315E-03, -2.12590493, 52.2085929, -29.7127858
111.098739, 102.336418, -9.599125402E-02, -20.5103683, -3.92430383, 22.6283147, 1.209941385E-03, 4.820683703E-02, -2.03773018, -3.43560646, -1.93365452, 21.2156904, 1.567277053E-03, 7.318747497E-03, -2.07525342, 51.0486446, -28.0641697
111.598739, 102.670807, -9.657617853E-02, -20.6426828, -4.03402313, 22.8553444, 1.24171558E-03, 4.856511347E-02, -2.06271516, -3.40640126, -1.9448353, 21.2260794, 1.571511894E-03, 7.368026404E-03, -2.09896049, 51.6032109, -28.9367404
112.098739, 102.631065, -9.639908918E-02, -20.4196399, -3.99109891, 22.6115668, 1.256042972E-03, 4.831707584E-02, -2.05141967, -3.3631859, -1.92942389, 21.0919266, 1.566194617E-03, 7.284926256E-03, -2.08881437, 51.6175757, -28.9198983
112.598739, 102.623878, -9.613236013E-02, -20.2294991, -3.93369934, 22.3842125, 1.272370957E-03, 4.812616121E-02, -2.04212711, -3.33345047, -1.91980885, 20.9931801, 1.563741575E-03, 7.212525299E-03, -2.08122306, 51.5719752, -28.8472142
113.098739, 102.573723, -9.564952639E-02, -19.973637, -3.85035489, 22.0718086, 1.284479728E-03, 4.775621814E-02, -2.02415237, -3.30511563, -1.90056537, 20.8441663, 1.55786165E-03, 7.09836148E-03, -2.06545109, 51.4199586, -28.6126317
113.598739, 102.573723, -9.563126002E-02, -19.8102081, -3.8055632, 21.8805223, 1.300917204E-03, 4.772259381E-02, -2.02252558, -3.26449716, -1.90382441, 20.8133979, 1.559441897E-03, 7.072651833E-03, -2.06505658, 51.3980355, -28.5683156
114.098739, 102.906631, -9.633044393E-02, -19.9749158, -3.90139282, 22.1242371, 1.334920156E-03, 4.835171225E-02, -2.0515501, -3.24670439, -1.92387916, 20.8925035, 1.568132384E-03, 7.200923349E-03, -2.09172288, 51.9728103, -29.3233711
114.598739, 102.934715, -9.700851728E-02, -19.9343456, -3.97932976, 22.1629489, 1.35713556E-03, 4.852446886E-02, -2.06400013, -3.19101103, -1.91956085, 20.8112454, 1.564710663E-03, 7.203540328E-03, -2.10100811, 52.536675, -29.9373167
115.098739, 103.118423, -9.541791013E-02, -19.5512363, -3.71463727, 21.5622798, 1.361241572E-03, 4.813273737E-02, -2.03170403, -3.19739416, -1.91764252, 20.7830158, 1.569000274E-03, 7.086431108E-03, -2.07754324, 51.5220976, -28.6435925
115.598739, 103.011154, -9.539951858E-02, -19.3642032, -3.69020028, 21.3671505, 1.374024671E-03, 4.779701365E-02, -2.02368914, -3.15178422, -1.90781934, 20.6813461, 1.56493447E-03, 7.028954501E-03, -2.06998294, 51.5494142, -28.6304308
116.098739, 102.950722, -9.527256878E-02, -19.2034237, -3.64302195, 21.1759987, 1.387934633E-03, 4.767861399E-02, -2.01772338, -3.12003741, -1.90502246, 20.6220513, 1.564296969E-03, 6.969659397E-03, -2.06526901, 51.4984937, -28.5064899
116.598739, 102.953079, -9.522917688E-02, -19.0807704, -3.6142228, 21.0368931, 1.403429185E-03, 4.761666608E-02, -2.01522699, -3.09129372, -1.90314709, 20.5732095, 1.564191178E-03, 6.936862942E-03, -2.06342484, 51.521699, -28.4801884
117.098739, 102.910141, -9.500370187E-02, -18.892039, -3.55108921, 20.8050642, 1.414497252E-03, 4.744490646E-02, -2.00668559, -3.05939688, -1.89966297, 20.5143787, 1.563438798E-03, 6.873808154E-03, -2.0565781, 51.3823094, -28.2433507
117.598739, 102.947739, -9.485053383E-02, -18.7744534, -3.50451305, 20.6545091, 1.42914754E-03, 4.74022704E-02, -2.00428726, -3.03799677, -1.90190782, 20.4948351, 1.56548418E-03, 6.851714096E-03, -2.05551486, 51.302558, -28.1049781
118.098739, 102.961502, -9.504841437E-02, -18.6924828, -3.51110667, 20.5849019, 1.445258318E-03, 4.743722572E-02, -2.00672468, -3.00360621, -1.90125783, 20.4543573, 1.565219657E-03, 6.843209414E-03, -2.05739241, 51.466877, -28.2396896
118.598739, 102.970665, -9.494113784E-02, -18.5738337, -3.47118706, 20.4393077, 1.458753935E-03, 4.738305143E-02, -2.00405023, -2.97911231, -1.90246607, 20.4265735, 1.566385827E-03, 6.810403241E-03, -2.05592372, 51.4108806, -28.1229369
119.098739, 102.9785, -9.48904983E-02, -18.4598293, -3.44066169, 20.3063762, 1.471983039E-03, 4.73376901E-02, -2.001854, -2.95259933, -1.90261094, 20.3944061, 1.567010096E-03, 6.785378542E-03, -2.05445105, 51.3937926, -28.0457957
119.598739, 102.980705, -9.474864497E-02, -18.3291587, -3.39837955, 20.1474026, 1.483618074E-03, 4.724814036E-02, -1.99724579, -2.92815347, -1.90131358, 20.356045, 1.567246826E-03, 6.748397129E-03, -2.05097513, 51.3180027, -27.8958643
120.098739, 103.008545, -9.469804538E-02, -18.2436364, -3.36861579, 20.0417049, 1.49746841E-03, 4.724996143E-02, -1.99735172, -2.90751383, -1.90510551, 20.3472166, 1.569497322E-03, 6.734954531E-03, -2.05190566, 51.2895036, -27.8201734
120.598739, 103.011391, -9.475352625E-02, -18.1532803, -3.35441759, 19.9452351, 1.510594803E-03, 4.724405348E-02, -1.99733511, -2.88024525, -1.90569291, 20.3189672, 1.570005683E-03, 6.719229632E-03, -2.05208458, 51.3347316, -27.8139133
121.098739, 103.01873, -9.476588128E-02, -18.0589171, -3.33542077, 19.8407649, 1.522971487E-03, 4.721627069E-02, -1.99631486, -2.85462257, -1.90596666, 20.2911045, 1.570519282E-03, 6.700146925E-03, -2.05134215, 51.3542557, -27.7755832
121.598739, 103.0485, -9.476931222E-02, -17.985628, -3.31776612, 19.7571573, 1.536160186E-03, 4.722608162E-02, -1.99686652, -2.83364328, -1.90815713, 20.2756086, 1.57194964E-03, 6.688827677E-03, -2.05232114, 51.3717733, -27.7484012
122.098739, 103.025475, -9.459462333E-02, -17.8494207, -3.26982876, 19.5879589, 1.544887867E-03, 4.711085748E-02, -1.99101071, -2.8102179, -1.90707257, 20.240757, 1.572097089E-03, 6.644665843E-03, -2.04775453, 51.2492962, -27.5392962
122.598739, 103.047226, -9.47240153E-02, -17.7906514, -3.27026877, 19.5337032, 1.558117199E-03, 4.714455514E-02, -1.99333726, -2.78557745, -1.90864962, 20.2230148, 1.572964195E-03, 6.645608398E-03, -2.04967672, 51.3463926, -27.5976289
123.098739, 103.047333, -9.4622833E-02, -17.6996719, -3.23548497, 19.4184204, 1.568689893E-03, 4.710600215E-02, -1.9913552, -2.7673365, -1.91097744, 20.2084603, 1.574457751E-03, 6.617817142E-03, -2.04877796, 51.275528, -27.4672173
123.598739, 103.049255, -9.462269802E-02, -17.6178958, -3.21707898, 19.3260264, 1.579512919E-03, 4.708164806E-02, -1.99043189, -2.74555046, -1.91172325, 20.1869228, 1.575144688E-03, 6.602151007E-03, -2.0481383, 51.278678, -27.4143493
124.098739, 103.068031, -9.463749796E-02, -17.5537459, -3.20237385, 19.2533938, 1.590990288E-03, 4.708987229E-02, -1.99103392, -2.72632665, -1.91402778, 20.1752301, 1.576500608E-03, 6.591800967E-03, -2.04903849, 51.2924743, -27.3822195
124.598739, 103.062103, -9.466635311E-02, -17.4770814, -3.18799746, 19.1692678, 1.601331773E-03, 4.706869585E-02, -1.99043521, -2.70443835, -1.91456307, 20.1529612, 1.576972995E-03, 6.577215285E-03, -2.04854346, 51.3134556, -27.345637
125.098739, 103.063492, -9.452987278E-02, -17.3834389, -3.15146055, 19.0499719, 1.609952802E-03, 4.701029725E-02, -1.98738242, -2.68766541, -1.91580231, 20.1362296, 1.5780689E-03, 6.545822334E-03, -2.0466082, 51.2173281, -27.1850485
125.598739, 103.06324, -9.453969799E-02, -17.311613, -3.13663167, 18.9699144, 1.619720427E-03, 4.698816238E-02, -1.9866651, -2.66775875, -1.91646135, 20.1169706, 1.57867049E-03, 6.532468554E-03, -2.04605111, 51.2246652, -27.1386388
126.098739, 103.08316, -9.456770203E-02, -17.2603107, -3.12601874, 18.9127906, 1.630369403E-03, 4.700635286E-02, -1.9877925, -2.65075208, -1.91904261, 20.1095682, 1.580096282E-03, 6.525509291E-03, -2.04736003, 51.2448001, -27.1174387
126.598739, 103.074326, -9.460265888E-02, -17.1915087, -3.11449776, 18.8384087, 1.639620378E-03, 4.698479701E-02, -1.98722299, -2.63057762, -1.91930526, 20.0883755, 1.580413756E-03, 6.512402848E-03, -2.0467856, 51.2683869, -27.0845998
127.098739, 103.076714, -9.450986525E-02, -17.1087819, -3.0865774, 18.7368135, 1.647399746E-03, 4.693204305E-02, -1.98467438, -2.61395696, -1.91991861, 20.0709809, 1.581139295E-03, 6.486098258E-03, -2.04497135, 51.202661, -26.9573797
127.598739, 103.072968, -9.445466545E-02, -17.0405921, -3.06379615, 18.6532886, 1.655732567E-03, 4.690395812E-02, -1.98340971, -2.59862668, -1.92149843, 20.0586445, 1.58218294E-03, 6.467098509E-03, -2.044315, 51.1599074, -26.8626017
128.098739, 103.05542, -9.440130822E-02, -16.960864, -3.04137547, 18.5592218, 1.663008653E-03, 4.684563158E-02, -1.98085706, -2.58127397, -1.92110751, 20.0358869, 1.582366925E-03, 6.442860573E-03, -2.04219113, 51.1205697, -26.7614622
128.598739, 103.072685, -9.450733933E-02, -16.9331526, -3.04391816, 18.5354207, 1.673421498E-03, 4.68937446E-02, -1.98373032, -2.56533971, -1.92406944, 20.0330172, 1.58375781E-03, 6.44635132E-03, -2.04475722, 51.1912274, -26.8029638
129.098739, 103.065125, -9.445169978E-02, -16.8574079, -3.02251585, 18.445976, 1.680273195E-03, 4.683868899E-02, -1.98132883, -2.54878892, -1.92381496, 20.0126253, 1.584001565E-03, 6.422710777E-03, -2.04276883, 51.1509633, -26.7015168
129.598739, 103.068176, -9.439615737E-02, -16.7995871, -3.00190707, 18.3740697, 1.687843013E-03, 4.681971181E-02, -1.98043456, -2.53579662, -1.92569529, 20.0046141, 1.585171747E-03, 6.406295725E-03, -2.04245781, 51.1073132, -26.610938
130.098739, 103.05368, -9.434232218E-02, -16.7274819, -2.98132445, 18.2887285, 1.694237681E-03, 4.676537493E-02, -1.97801381, -2.52028448, -1.92532717, 19.9843878, 1.585352305E-03, 6.384559422E-03, -2.04042365, 51.0668383, -26.511909
130.598739, 103.072044, -9.445863102E-02, -16.7092327, -2.98722504, 18.2765857, 1.703984834E-03, 4.681982542E-02, -1.98122173, -2.50603411, -1.92828896, 19.983651, 1.586708111E-03, 6.390701242E-03, -2.04322336, 51.1446405, -26.5649943
131.098739, 103.065063, -9.440009693E-02, -16.6397207, -2.96715414, 18.1941337, 1.709940536E-03, 4.676529946E-02, -1.97883605, -2.49119601, -1.92795386, 19.9648872, 1.586898882E-03, 6.367966385E-03, -2.04122433, 51.1020546, -26.4638993
131.598739, 103.068863, -9.434540649E-02, -16.5890466, -2.94838443, 18.130528, 1.716709149E-03, 4.67490999E-02, -1.97807175, -2.47988163, -1.92982819, 19.9588198, 1.588040014E-03, 6.353043957E-03, -2.04100056, 51.0587001, -26.3771078
132.098739, 103.054527, -9.429239459E-02, -16.523263, -2.929503, 18.0525791, 1.722290693E-03, 4.669645494E-02, -1.97573129, -2.46588515, -1.92939998, 19.9401461, 1.588165863E-03, 6.33257513E-03, -2.03900313, 51.0183926, -26.2811469
132.598739, 103.073174, -9.441164334E-02, -16.5117969, -2.93743868, 18.0484577, 1.731328474E-03, 4.675342851E-02, -1.9790713, -2.45313922, -1.93229323, 19.9408672, 1.589465032E-03, 6.340106754E-03, -2.04188019, 51.0983291, -26.3396259
133.098739, 103.06456, -9.42787571E-02, -16.4433124, -2.90747926, 17.9586677, 1.735969955E-03, 4.669218113E-02, -1.97600753, -2.44292817, -1.93293637, 19.9290151, 1.590172355E-03, 6.312826444E-03, -2.03969638, 51.0003724, -26.1843295
133.598739, 103.069466, -9.43232652E-02, -16.4048755, -2.90542701, 17.9206386, 1.742695579E-03, 4.668776678E-02, -1.97624198, -2.42894414, -1.93325916, 19.9167037, 1.590486994E-03, 6.307827934E-03, -2.03970404, 51.030241, -26.1755464
134.098739, 103.075172, -9.431554651E-02, -16.3663779, -2.89539611, 17.8758909, 1.748981133E-03, 4.668203929E-02, -1.97621637, -2.41793513, -1.93467479, 19.910375, 1.591331236E-03, 6.297729663E-03, -2.03985787, 51.0216069, -26.1278628
134.598739, 103.07412, -9.436767851E-02, -16.336693, -2.89379343, 17.8465111, 1.755747084E-03, 4.669101459E-02, -1.97718104, -2.40564329, -1.93597883, 19.9029266, 1.591973004E-03, 6.29285339E-03, -2.04064411, 51.0540228, -26.1262864
135.098739, 103.065369, -9.423425481E-02, -16.2732672, -2.865087, 17.7625947, 1.75966619E-03, 4.663174005E-02, -1.97415936, -2.39674049, -1.93655448, 19.8922229, 1.59262272E-03, 6.267089857E-03, -2.03847407, 50.9556832, -25.973646
135.598739, 103.070213, -9.42799336E-02, -16.2398238, -2.86447707, 17.7304404, 1.765732754E-03, 4.662838613E-02, -1.9744544, -2.38394282, -1.93679507, 19.8809224, 1.592871522E-03, 6.262929936E-03, -2.03850625, 50.9864307, -25.9683636
136.098739, 103.075859, -9.42728792E-02, -16.2061779, -2.855762, 17.6913654, 1.771363297E-03, 4.662379842E-02, -1.97448628, -2.37411894, -1.9381444, 19.8756453, 1.593657251E-03, 6.253686732E-03, -2.03868631, 50.9783158, -25.9238637
136.598739, 103.074738, -9.432633747E-02, -16.1812989, -2.8555201, 17.6676256, 1.777510089E-03, 4.663413293E-02, -1.97552102, -2.36296184, -1.9393886, 19.8692353, 1.59424275E-03, 6.249714999E-03, -2.03950927, 51.0116859, -25.9258896
137.098739, 103.065857, -9.419222971E-02, -16.122141, -2.82784445, 17.5886538, 1.780765053E-03, 4.65753984E-02, -1.972523, -2.35518972, -1.93989402, 19.85946, 1.594832763E-03, 6.224629682E-03, -2.03734049, 50.9129872, -25.7752987
137.598739, 103.070663, -9.423893335E-02, -16.0930512, -2.82849184, 17.5616215, 1.786236971E-03, 4.657308453E-02, -1.97287087, -2.34343287, -1.94006128, 19.849038, 1.595019808E-03, 6.221278256E-03, -2.03739527, 50.9445648, -25.773288
138.098739, 103.076286, -9.423241529E-02, -16.0636278, -2.82091393, 17.5274788, 1.791275693E-03, 4.656950479E-02, -1.97295204, -2.33464897, -1.9413523, 19.8446749, 1.595750527E-03, 6.212781566E-03, -2.03759886, 50.9369302, -25.7317032
138.598739, 103.075111, -9.428702732E-02, -16.042935, -2.82185362, 17.5086501, 1.796863224E-03, 4.658105053E-02, -1.97404732, -2.32448745, -1.94254294, 19.8391662, 1.596282855E-03, 6.209601765E-03, -2.03845449, 50.9711867, -25.7370355
139.098739, 103.066124, -9.415221941E-02, -15.9874752, -2.79505444, 17.4339529, 1.799518237E-03, 4.652277847E-02, -1.9710678, -2.31770793, -1.94298707, 19.8302032, 1.596817286E-03, 6.18511706E-03, -2.03628642, 50.8721419, -25.5882929
139.598739, 103.07093, -9.419981642E-02, -15.9621815, -2.7967944, 17.4113846, 1.804453646E-03, 4.65214387E-02, -1.97146184, -2.3068632, -1.94309053, 19.8205486, 1.596947093E-03, 6.18247992E-03, -2.03636225, 50.9044843, -25.5892787
140.098739, 103.076546, -9.419374803E-02, -15.9364418, -2.79020035, 17.3815399, 1.808958796E-03, 4.651875846E-02, -1.97158589, -2.29899366, -1.94433107, 19.8169916, 1.597626823E-03, 6.174653806E-03, -2.03658754, 50.8972902, -25.550361
140.598739, 103.075333, -9.42493486E-02, -15.9193953, -2.79216364, 17.3669851, 1.814041485E-03, 4.653137992E-02, -1.97273336, -2.28970624, -1.94547433, 19.8122681, 1.598109469E-03, 6.172187649E-03, -2.03747217, 50.9323464, -25.5586909
141.098739, 103.067329, -9.421140743E-02, -15.8712237, -2.78080727, 17.3119705, 1.816797922E-03, 4.64803828E-02, -1.97050947, -2.27938986, -1.94412615, 19.7949567, 1.597708578E-03, 6.155931783E-03, -2.03533414, 50.9056225, -25.4836846
141.598739, 103.069939, -9.413089006E-02, -15.8423143, -2.7637601, 17.2704983, 1.820311303E-03, 4.646794347E-02, -1.96988537, -2.27482866, -1.94640323, 19.797114, 1.598880749E-03, 6.141260806E-03, -2.0353398, 50.842969, -25.3916787
142.098739, 103.076691, -9.415645596E-02, -15.82243, -2.7628703, 17.2508649, 1.824625666E-03, 4.647198334E-02, -1.97037133, -2.26662742, -1.94716914, 19.7922647, 1.599303082E-03, 6.139506587E-03, -2.03565845, 50.8592858, -25.3793661
142.598739, 103.055984, -9.407652214E-02, -15.7714532, -2.74515195, 17.1879682, 1.826522946E-03, 4.640931E-02, -1.96753321, -2.25822089, -1.9462508, 19.7768859, 1.599073894E-03, 6.116681765E-03, -2.03321392, 50.7992888, -25.2717521
143.098739, 103.067398, -9.417540207E-02, -15.7641659, -2.75550527, 17.1895088, 1.831540637E-03, 4.6436274E-02, -1.9693811, -2.24876262, -1.94681328, 19.7716427, 1.599294796E-03, 6.123159444E-03, -2.03444217, 50.8684349, -25.3189376
143.598739, 103.070015, -9.409464313E-02, -15.737872, -2.73907682, 17.1510693, 1.834574289E-03, 4.642244091E-02, -1.96876076, -2.24490993, -1.94903519, 19.7743296, 1.600414457E-03, 6.107218191E-03, -2.03444188, 50.8059197, -25.2280392
144.098739, 103.076782, -9.412074029E-02, -15.7208119, -2.73895609, 17.1347332, 1.838464655E-03, 4.642751581E-02, -1.96928394, -2.23740513, -1.9497642, 19.7701088, 1.600793841E-03, 6.106235437E-03, -2.03478214, 50.8227248, -25.2181197
144.598739, 103.055946, -9.404071039E-02, -15.6723619, -2.72187858, 17.0747778, 1.83992301E-03, 4.636521828E-02, -1.96646043, -2.22966662, -1.94879827, 19.75526, 1.60051687E-03, 6.08382746E-03, -2.03234054, 50.7628026, -25.1122288
145.098739, 103.067429, -9.414049688E-02, -15.6677695, -2.73300564, 17.0794778, 1.844550004E-03, 4.639310892E-02, -1.96834981, -2.22085231, -1.9493231, 19.7505967, 1.600695541E-03, 6.090879342E-03, -2.03359385, 50.8327298, -25.1619154
145.598739, 103.070045, -9.405965456E-02, -15.6439688, -2.71717913, 17.0439235, 1.847172997E-03, 4.637990818E-02, -1.96775447, -2.21765098, -1.95151759, 19.7538807, 1.601776941E-03, 6.075397667E-03, -2.0336092, 50.7702747, -25.0727975
146.098739, 103.076828, -9.408620026E-02, -15.6293564, -2.71771848, 17.030442, 1.850679691E-03, 4.638570776E-02, -1.96830784, -2.21075693, -1.95221229, 19.7502025, 1.602116014E-03, 6.074920618E-03, -2.03396698, 50.7875285, -25.0649522
146.598739, 103.055893, -9.40061262E-02, -15.5831292, -2.70120312, 16.9730737, 1.851744664E-03, 4.632380785E-02, -1.96549868, -2.20360608, -1.95120647, 19.7358299, 1.601795842E-03, 6.052920191E-03, -2.03153009, 50.7277074, -24.9606792
147.098739, 103.067436, -9.410666323E-02, -15.580886, -2.71299525, 16.9805211, 1.85601952E-03, 4.635251121E-02, -1.96742343, -2.19536, -1.95169873, 19.7316804, 1.601936077E-03, 6.06048425E-03, -2.03280545, 50.7982993, -25.0125779
147.598739, 103.070061, -9.40257955E-02, -15.5592729, -2.69769801, 16.9475001, 1.858273838E-03, 4.633989732E-02, -1.96685064, -2.19273186, -1.95386913, 19.7354897, 1.602982169E-03, 6.045412875E-03, -2.03283547, 50.7359424, -24.9251189
148.098739, 103.076859, -9.405272802E-02, -15.5468, -2.69880943, 16.936511, 1.861435455E-03, 4.634634457E-02, -1.96743027, -2.186375, -1.95453416, 19.7322933, 1.603284333E-03, 6.045394093E-03, -2.03320922, 50.7535954, -24.9191483
148.598739, 103.055847, -9.397265719E-02, -15.5025317, -2.68278745, 16.8814223, 1.862147967E-03, 4.628485027E-02, -1.9646351, -2.17974362, -1.95349416, 19.7183488, 1.602925368E-03, 6.023768739E-03, -2.03077831, 50.6939058, -24.8163932
149.098739, 103.067352, -9.392230837E-02, -15.4862268, -2.67346368, 16.8583129, 1.864509672E-03, 4.628049404E-02, -1.96447861, -2.17659218, -1.95511479, 19.7210839, 1.603764132E-03, 6.016623021E-03, -2.03091633, 50.655756, -24.7558112
149.598739, 103.069672, -9.403267931E-02, -15.4855483, -2.6866153, 16.8683039, 1.868360711E-03, 4.630771571E-02, -1.96638683, -2.16839048, -1.95541318, 19.7157607, 1.603735028E-03, 6.022862209E-03, -2.03213961, 50.7318325, -24.8140374
150.098739, 103.072823, -9.399571339E-02, -15.46693, -2.67841887, 16.84394, 1.870445202E-03, 4.62971268E-02, -1.96604129, -2.16433045, -1.95651276, 19.7149766, 1.604265907E-03, 6.012923304E-03, -2.03204346, 50.7027493, -24.759118
150.598739, 103.055809, -9.394048254E-02, -15.4301605, -2.66671055, 16.7994783, 1.87128879E-03, 4.624858203E-02, -1.96387407, -2.15796822, -1.95560883, 19.7026233, 1.603923124E-03, 5.996939471E-03, -2.03008, 50.6611748, -24.6793548
151.098739, 103.067345, -9.389025128E-02, -15.4155269, -2.65779309, 16.778305, 1.873344049E-03, 4.62444293E-02, -1.96373081, -2.15526, -1.95720583, 19.7057472, 1.604728521E-03, 5.98964841E-03, -2.0302266, 50.623272, -24.6201466
151.598739, 103.069672, -9.400113166E-02, -15.4165647, -2.67140985, 16.7902871, 1.876918213E-03, 4.6272293E-02, -1.96566366, -2.1474835, -1.9574833, 19.700816, 1.604668437E-03, 5.996330741E-03, -2.03146694, 50.6998134, -24.6801797
152.098739, 103.072823, -9.396433032E-02, -15.3995646, -2.66361247, 16.7677957, 1.878718612E-03, 4.626219238E-02, -1.96533573, -2.14384638, -1.95856358, 19.7004179, 1.605169118E-03, 5.986723445E-03, -2.03138315, 50.6709509, -24.6267919
152.598739, 103.055771, -9.390922357E-02, -15.3643176, -2.65228263, 16.7250989, 1.879282657E-03, 4.621406312E-02, -1.96318234, -2.13788649, -1.95763762, 19.6884168, 1.604795131E-03, 5.971066884E-03, -2.0294284, 50.6295705, -24.5484415
153.098739, 103.067337, -9.38591349E-02, -15.3512022, -2.64373714, 16.7056829, 1.881068062E-03, 4.621041426E-02, -1.96305686, -2.13557397, -1.95921868, 19.6919111, 1.605572163E-03, 5.964111903E-03, -2.02958791, 50.5918861, -24.4906762
153.598739, 103.069664, -9.397043926E-02, -15.353739, -2.65775412, 16.7193996, 1.884392804E-03, 4.623881896E-02, -1.96501029, -2.12817408, -1.95947704, 19.6873268, 1.60548374E-03, 5.971124957E-03, -2.03084289, 50.6688295, -24.5522875
154.098739, 103.072823, -9.393380376E-02, -15.3381638, -2.65030733, 16.6985572, 1.885938478E-03, 4.622916721E-02, -1.96469827, -2.12491032, -1.96054084, 19.6872735, 1.60595707E-03, 5.96183615E-03, -2.03077068, 50.6401844, -24.500298
154.598739, 103.05574, -9.387882918E-02, -15.304261, -2.63931033, 16.6574184, 1.886252236E-03, 4.618145473E-02, -1.96255775, -2.11930627, -1.95959594, 19.6755873, 1.605554849E-03, 5.946483178E-03, -2.02882465, 50.5989995, -24.4232416
155.098739, 103.067329, -9.382888757E-02, -15.2924823, -2.63109222, 16.6395494, 1.887795589E-03, 4.617825004E-02, -1.96244816, -2.11734397, -1.9611627, 19.6794116, 1.606305997E-03, 5.939824443E-03, -2.02899605, 50.5615235, -24.3667974
155.598739, 103.069664, -9.394055025E-02, -15.2963356, -2.64545543, 16.6547862, 1.890896288E-03, 4.620714188E-02, -1.96441945, -2.11027811, -1.96140451, 19.6751374, 1.606192113E-03, 5.947141774E-03, -2.03026415, 50.6388126, -24.4298148
156.098739, 103.072823, -9.390407727E-02, -15.2820172, -2.63831697, 16.6353974, 1.892213717E-03, 4.619791022E-02, -1.96412173, -2.10734548, -1.96245327, 19.6753899, 1.606640552E-03, 5.938146426E-03, -2.03020269, 50.610374, -24.3791057
156.598739, 103.055717, -9.384924097E-02, -15.249304, -2.62761377, 16.595637, 1.892303439E-03, 4.615055846E-02, -1.96199318, -2.10205736, -1.96149181, 19.6639863, 1.60621293E-03, 5.923071732E-03, -2.02826521, 50.5693851, -24.3032434
157.098739, 103.067322, -9.37994486E-02, -15.2387014, -2.61968321, 16.5791298, 1.893629927E-03, 4.614778232E-02, -1.96189775, -2.10040369, -1.963046, 19.6681027, 1.606940483E-03, 5.916694381E-03, -2.02844756, 50.5321098, -24.248012
157.598739, 103.068146, -9.38616523E-02, -15.2403671, -2.62684637, 16.5864517, 1.89609197E-03, 4.617105897E-02, -1.96341933, -2.0956284, -1.96398105, 19.6676678, 1.607169674E-03, 5.91986959E-03, -2.02962883, 50.572639, -24.2750502
158.098739, 103.072456, -9.389146489E-02, -15.2315765, -2.6300165, 16.580651, 1.897780218E-03, 4.617018717E-02, -1.96373317, -2.09036144, -1.96402719, 19.6633042, 1.607101717E-03, 5.917798012E-03, -2.02967405, 50.5934048, -24.2747138
158.598739, 103.055702, -9.382045977E-02, -15.1989394, -2.61712697, 16.539218, 1.897531546E-03, 4.61209712E-02, -1.96147966, -2.0860114, -1.96330752, 19.6534483, 1.606778047E-03, 5.900428484E-03, -2.02774088, 50.540658, -24.1878413
159.098739, 103.067314, -9.377082684E-02, -15.1894161, -2.60945972, 16.5239557, 1.898668335E-03, 4.611895421E-02, -1.96140279, -2.08463552, -1.96485482, 19.657846, 1.607485826E-03, 5.894710853E-03, -2.02793772, 50.503552, -24.1339037
159.598739, 103.068146, -9.383326097E-02, -15.1920907, -2.61687455, 16.5324392, 1.900946575E-03, 4.61425745E-02, -1.96293691, -2.08012398, -1.96577759, 19.6576589, 1.607693997E-03, 5.898085554E-03, -2.0291291, 50.5443306, -24.1620824
160.098739, 103.072456, -9.386327258E-02, -15.1842802, -2.6202862, 16.5277656, 1.902455618E-03, 4.614207442E-02, -1.96326265, -2.07511602, -1.96581173, 19.6535374, 1.607605678E-03, 5.896251639E-03, -2.02918386, 50.56532, -24.1628642
160.598739, 103.055687, -9.379239823E-02, -15.152576, -2.60762005, 16.4874105, 1.902026793E-03, 4.609318697E-02, -1.96101915, -2.07101678, -1.96508029, 19.6439125, 1.607261558E-03, 5.879126353E-03, -2.02725869, 50.5127463, -24.0770348
161.098739, 103.067314, -9.374291164E-02, -15.1439681, -2.60017314, 16.4732056, 1.902989779E-03, 4.60915307E-02, -1.9609535, -2.06988412, -1.96661779, 19.6485416, 1.607949822E-03, 5.873641286E-03, -2.02746485, 50.4758301, -24.0241417
161.598739, 103.068138, -9.380555421E-02, -15.1475383, -2.60780936, 16.4827183, 1.905103781E-03, 4.611551198E-02, -1.96249926, -2.06560812, -1.96753022, 19.6485778, 1.608139326E-03, 5.877241969E-03, -2.0286658, 50.5168338, -24.0533744
162.098739, 103.072449, -9.383574796E-02, -15.1405956, -2.61143333, 16.4790422, 1.906452103E-03, 4.611534804E-02, -1.96283561, -2.06083049, -1.96755352, 19.6446726, 1.608032576E-03, 5.875641831E-03, -2.02872928, 50.5380249, -24.0551771
162.598739, 103.055679, -9.376500693E-02, -15.10972, -2.5989655, 16.4396443, 1.905862359E-03, 4.606677252E-02, -1.9606013, -2.05695425, -1.96681144, 19.6352538, 1.607669928E-03, 5.858733993E-03, -2.02681173, 50.4856205, -23.9703187
163.098739, 103.075592, -9.389792374E-02, -15.1376901, -2.61799511, 16.4815686, 1.909597326E-03, 4.613901624E-02, -1.9646272, -2.05353348, -1.96929969, 19.6449094, 1.608453144E-03, 5.87514261E-03, -2.03014042, 50.5769043, -24.0658335
163.598739, 103.068138, -9.377812295E-02, -15.1052357, -2.59900106, 16.4354088, 1.908622149E-03, 4.608778925E-02, -1.96205455, -2.05177345, -1.96929839, 19.6401612, 1.608501498E-03, 5.854576796E-03, -2.02821438, 50.4903202, -23.9469237
164.098739, 103.072449, -9.380860454E-02, -15.0993712, -2.602923, 16.4329736, 1.909855213E-03, 4.608994942E-02, -1.96243804, -2.04723094, -1.96934211, 19.6366279, 1.608391705E-03, 5.855840885E-03, -2.02831754, 50.5115452, -23.9506372
164.598739, 103.055672, -9.373798236E-02, -15.0692214, -2.59063826, 16.3944242, 1.909117179E-03, 4.604144729E-02, -1.9602088, -2.04355276, -1.9685845, 19.6273727, 1.608010722E-03, 5.838829873E-03, -2.0264034, 50.4593282, -23.8665045
165.098739, 103.075592, -9.387110395E-02, -15.0979534, -2.609866, 16.4372258, 1.912719093E-03, 4.611403045E-02, -1.96424601, -2.04033078, -1.9710613, 19.6372175, 1.608778813E-03, 5.855480036E-03, -2.02974103, 50.5508161, -23.9629066
165.598739, 103.067924, -9.381372664E-02, -15.0691936, -2.60031669, 16.4022063, 1.912091572E-03, 4.606730832E-02, -1.96218843, -2.03605774, -1.97001914, 19.6272588, 1.608284884E-03, 5.840169871E-03, -2.02786525, 50.5107556, -23.8906212
166.098739, 103.071587, -9.376153683E-02, -15.0592143, -2.59187024, 16.3859063, 1.912499756E-03, 4.606202775E-02, -1.96186415, -2.03512697, -1.97139047, 19.6306064, 1.608821395E-03, 5.833254432E-03, -2.0278904, 50.470634, -23.8339348
166.598739, 103.055664, -9.371151109E-02, -15.0314797, -2.58292414, 16.3523322, 1.911839973E-03, 4.601769733E-02, -1.95985677, -2.030889, -1.97034472, 19.62024, 1.608291394E-03, 5.820134726E-03, -2.02603168, 50.4337354, -23.7662914
167.098739, 103.075592, -9.384480013E-02, -15.0608345, -2.60231243, 16.3958542, 1.915316834E-03, 4.6090115E-02, -1.96389611, -2.02783924, -1.97280564, 19.6302232, 1.609043681E-03, 5.836453552E-03, -2.02937138, 50.5254488, -23.8633032
167.598739, 103.067924, -9.378755637E-02, -15.0327262, -2.59293143, 16.3615946, 1.914568355E-03, 4.604370863E-02, -1.96184753, -2.02373955, -1.97175223, 19.6204241, 1.608535741E-03, 5.821386164E-03, -2.0275025, 50.4855404, -23.7918007
168.098739, 103.071587, -9.37355006E-02, -15.0233722, -2.58464598, 16.3460255, 1.914857923E-03, 4.603868048E-02, -1.9615314, -2.0229761, -1.97311255, 19.6239242, 1.609058491E-03, 5.814645471E-03, -2.02753407, 50.4455729, -23.7358768
168.598739, 103.055664, -9.368560598E-02, -14.9962398, -2.57585598, 16.3131548, 1.914083177E-03, 4.599460802E-02, -1.9595318, -2.01889867, -1.97205618, 19.6137046, 1.608514875E-03, 5.801698742E-03, -2.02568143, 50.4088349, -23.6689702
169.098739, 103.075592, -9.381906182E-02, -15.0261954, -2.59540017, 16.3573682, 1.917453309E-03, 4.606729298E-02, -1.96357973, -2.01600829, -1.97450662, 19.6238361, 1.609254747E-03, 5.818183813E-03, -2.02902802, 50.5007243, -23.7667313
169.598739, 103.067924, -9.376194655E-02, -14.9986623, -2.58616591, 16.3237788, 1.916596447E-03, 4.602112794E-02, -1.96153838, -2.01206433, -1.97344263, 19.6141776, 1.608734103E-03, 5.803302785E-03, -2.02716491, 50.4609647, -23.6959631
170.098739, 103.071587, -9.371002009E-02, -14.9898657, -2.57802284, 16.3088603, 1.916780067E-03, 4.601634625E-02, -1.96122969, -2.01145005, -1.97479336, 19.6178146, 1.609244375E-03, 5.796724983E-03, -2.02720252, 50.4211474, -23.6407655
170.598739, 103.055656, -9.366025327E-02, -14.9632706, -2.56937089, 16.276616, 1.915902503E-03, 4.597252184E-02, -1.95923715, -2.00751657, -1.97372754, 19.6077266, 1.608688609E-03, 5.783937843E-03, -2.02535558, 50.3845573, -23.5745587
171.098739, 103.075592, -9.37938624E-02, -14.9937605, -2.58905232, 16.3214437, 1.919177364E-03, 4.604544218E-02, -1.96329265, -2.00476914, -1.97616853, 19.6179904, 1.609417334E-03, 5.800581717E-03, -2.02870842, 50.4766083, -23.6730309
171.598739, 103.066299, -9.365776499E-02, -14.9617162, -2.56779615, 16.2738949, 1.91751479E-03, 4.599134948E-02, -1.96048173, -2.00434179, -1.97625139, 19.6144763, 1.609495133E-03, 5.780232439E-03, -2.02663228, 50.3784146, -23.5431707
172.098739, 103.07119, -9.37106317E-02, -14.9601377, -2.57592687, 16.2789162, 1.918536867E-03, 4.599793757E-02, -1.96117076, -1.99948089, -1.97599858, 19.6101541, 1.609185891E-03, 5.782961569E-03, -2.02689759, 50.4160304, -23.5671763
172.598739, 103.076889, -9.370805821E-02, -14.9574387, -2.57523627, 16.2758139, 1.919161691E-03, 4.60025949E-02, -1.96157018, -1.99754939, -1.9769323, 19.611991, 1.609452077E-03, 5.780197789E-03, -2.0273086, 50.412817, -23.5501303
173.098739, 103.075592, -9.376912923E-02, -14.9630256, -2.58317706, 16.2875361, 1.920549285E-03, 4.602304859E-02, -1.96302036, -1.99399485, -1.97777361, 19.6125135, 1.609534149E-03, 5.782852452E-03, -2.02840013, 50.4531102, -23.5811495
173.598739, 103.066299, -9.363319449E-02, -14.931535, -2.56206441, 16.2406317, 1.918806984E-03, 4.597073744E-02, -1.96022645, -1.9937052, -1.97786123, 19.6091833, 1.609606572E-03, 5.763460372E-03, -2.02634001, 50.3549929, -23.4522641
174.098739, 103.07119, -9.368618482E-02, -14.9303974, -2.57030363, 16.2461589, 1.919745606E-03, 4.59773735E-02, -1.96092042, -1.98896566, -1.97759904, 19.6049662, 1.609286945E-03, 5.76623605E-03, -2.02660933, 50.3927565, -23.4768955
174.598739, 103.076889, -9.368373541E-02, -14.9281405, -2.56972216, 16.2435667, 1.920289304E-03, 4.598226276E-02, -1.96132597, -1.98715485, -1.97852519, 19.6069143, 1.609543592E-03, 5.763631573E-03, -2.02702558, 50.3896775, -23.460526
175.098739, 103.075592, -9.374493495E-02, -14.9341589, -2.57776913, 16.2557845, 1.921599251E-03, 4.600291917E-02, -1.96278194, -1.98371842, -1.97935889, 19.6075455, 1.609616601E-03, 5.766421977E-03, -2.02812209, 50.4301114, -23.4922043
175.598739, 103.066299, -9.360911074E-02, -14.9030807, -2.55675794, 16.2093606, 1.919777486E-03, 4.595080977E-02, -1.95999351, -1.983542, -1.97943935, 19.604317, 1.609679387E-03, 5.747173556E-03, -2.02606668, 50.3321252, -23.3639797
176.098739, 103.07119, -9.366222375E-02, -14.9023469, -2.56509663, 16.2153513, 1.920642714E-03, 4.595764281E-02, -1.96069302, -1.97891383, -1.97916942, 19.6002022, 1.609351028E-03, 5.750078307E-03, -2.02634082, 50.3700223, -23.3892361
176.598739, 103.076889, -9.36598926E-02, -14.9004864, -2.56461159, 16.2132156, 1.921114069E-03, 4.596271424E-02, -1.96110388, -1.97721202, -1.98008859, 19.6022496, 1.60959911E-03, 5.747590693E-03, -2.02676173, 50.367075, -23.3735024
177.098739, 103.075592, -9.372121432E-02, -14.9068926, -2.57275286, 16.225878, 1.922354843E-03, 4.598356818E-02, -1.96256513, -1.97388283, -1.98091502, 19.6029791, 1.609663978E-03, 5.750516978E-03, -2.02786287, 50.4076409, -23.4058015
177.598739, 103.066299, -9.358549819E-02, -14.8761862, -2.55183143, 16.179886, 1.920462422E-03, 4.593164439E-02, -1.95978163, -1.97380965, -1.98098842, 19.5998428, 1.609718157E-03, 5.731396213E-03, -2.02581181, 50.3097763, -23.2782093
178.098739, 103.07119, -9.363872784E-02, -14.8758136, -2.56025855, 16.1862905, 1.92126235E-03, 4.593867245E-02, -1.96048613, -1.96928104, -1.98071206, 19.5958199, 1.609382083E-03, 5.734425599E-03, -2.02609035, 50.3478003, -23.3040497
178.598739, 103.076889, -9.363651003E-02, -14.8743083, -2.55985954, 16.1845635, 1.921669321E-03, 4.594391705E-02, -1.96090177, -1.96767789, -1.98162447, 19.5979565, 1.609622479E-03, 5.732070995E-03, -2.02651554, 50.344975, -23.2889233
179.098739, 103.075592, -9.369794786E-02, -14.8810616, -2.56808448, 16.1976232, 1.922848614E-03, 4.596495209E-02, -1.96236773, -1.96444564, -1.98244409, 19.5987739, 1.609680076E-03, 5.735105719E-03, -2.02762094, 50.3856635, -23.321806
179.598739, 103.067383, -9.366259604E-02, -14.8549628, -2.56236067, 16.1682348, 1.921671498E-03, 4.592025527E-02, -1.96034922, -1.95997819, -1.98070521, 19.5864249, 1.608829477E-03, 5.723954098E-03, -2.02560632, 50.3624592, -23.2681569
180.098739, 103.070038, -9.358358329E-02, -14.8478773, -2.55059594, 16.1520583, 1.92130802E-03, 4.591507761E-02, -1.9599694, -1.96119538, -1.98272076, 19.593925, 1.60959959E-03, 5.714256665E-03, -2.02579178, 50.3024106, -23.1971976
180.598739, 103.076889, -9.361349225E-02, -14.8493249, -2.55523433, 16.1571579, 1.921983669E-03, 4.592666168E-02, -1.9607226, -1.95849407, -1.98318668, 19.594084, 1.609619484E-03, 5.717596923E-03, -2.02629729, 50.3233624, -23.20705
181.098739, 103.055656, -9.353521207E-02, -14.8182368, -2.54246194, 16.1173665, 1.920197405E-03, 4.586978955E-02, -1.95806499, -1.95540277, -1.98194364, 19.5832988, 1.608974013E-03, 5.699390756E-03, -2.02396907, 50.2661243, -23.1191018
181.598739, 103.067383, -9.364001896E-02, -14.8313223, -2.55825288, 16.1424981, 1.921861467E-03, 4.590461667E-02, -1.96020224, -1.95111145, -1.9822172, 19.5828131, 1.60881679E-03, 5.710865629E-03, -2.02540462, 50.3409739, -23.1885128
182.098739, 103.070038, -9.356101116E-02, -14.8243273, -2.54648971, 16.1264268, 1.921425462E-03, 4.589729872E-02, -1.95980086, -1.95239182, -1.98420144, 19.5902481, 1.609570183E-03, 5.699433025E-03, -2.02557033, 50.2811537, -23.117482
182.598739, 103.076889, -9.359103602E-02, -14.826071, -2.5511993, 16.1318648, 1.92205408E-03, 4.590930427E-02, -1.96056055, -1.94977108, -1.98466452, 19.5904938, 1.609585318E-03, 5.703082589E-03, -2.02608215, 50.3022051, -23.1279178
183.098739, 103.055656, -9.351285486E-02, -14.795247, -2.53848803, 16.0923769, 1.920218504E-03, 4.585255119E-02, -1.95790618, -1.94675593, -1.98341566, 19.5797757, 1.608933758E-03, 5.684962362E-03, -2.02375721, 50.2450781, -23.0404748
183.598739, 103.067383, -9.361776728E-02, -14.8085957, -2.55434002, 16.1178076, 1.92183702E-03, 4.588753826E-02, -1.96004699, -1.94253991, -1.98368352, 19.5793575, 1.608771191E-03, 5.696532837E-03, -2.02519638, 50.3200402, -23.1103757
184.098739, 103.070038, -9.353885901E-02, -14.8018577, -2.5426362, 16.1020319, 1.921354772E-03, 4.588035865E-02, -1.95964901, -1.94389436, -1.98566227, 19.5868586, 1.609518933E-03, 5.685209941E-03, -2.02536553, 50.2603259, -23.0398657
184.598739, 103.076889, -9.35689845E-02, -14.8038506, -2.54740332, 16.1077542, 1.921939803E-03, 4.589251146E-02, -1.96041204, -1.94134539, -1.98611982, 19.5871683, 1.609528829E-03, 5.688963786E-03, -2.02588076, 50.2814861, -23.0507882
185.098739, 103.055656, -9.349090001E-02, -14.773268, -2.53474804, 16.0685434, 1.920060589E-03, 4.583589988E-02, -1.95776091, -1.93839958, -1.9848657, 19.5765116, 1.608871978E-03, 5.670934498E-03, -2.0235591, 50.2244635, -22.9638369
185.598739, 103.067383, -9.359591367E-02, -14.786855, -2.55065472, 16.0942446, 1.921639019E-03, 4.587103536E-02, -1.95990489, -1.93425284, -1.98512809, 19.5761554, 1.608704645E-03, 5.682612279E-03, -2.02500156, 50.2995315, -23.0342
186.098739, 103.070038, -9.351710046E-02, -14.7803504, -2.53900424, 16.0787364, 1.921115729E-03, 4.586398757E-02, -1.95950997, -1.93567511, -1.98710157, 19.5837155, 1.609447353E-03, 5.671371138E-03, -2.02517384, 50.2399202, -22.9641843
186.598739, 103.076889, -9.354732304E-02, -14.7825692, -2.5438228, 16.0847161, 1.921662016E-03, 4.587628263E-02, -1.96027603, -1.9331916, -1.98755405, 19.584083, 1.609452653E-03, 5.675213924E-03, -2.02569221, 50.2611818, -22.9755725
187.098739, 103.055656, -9.346933156E-02, -14.752206, -2.53121803, 16.0457567, 1.919744265E-03, 4.581980761E-02, -1.95762781, -1.93030952, -1.98629477, 19.5734822, 1.608791041E-03, 5.657298458E-03, -2.02337354, 50.2042575, -22.8890882
187.598739, 103.067383, -9.357444183E-02, -14.7660105, -2.54717368, 16.0717042, 1.921287249E-03, 4.585506254E-02, -1.95977472, -1.92622659, -1.98655183, 19.5731825, 1.608619573E-03, 5.669058216E-03, -2.02481902, 50.279429, -22.9598934
188.098739, 103.069641, -9.353539656E-02, -14.7617347, -2.54138486, 16.0630235, 1.921049932E-03, 4.585059397E-02, -1.95968928, -1.92605188, -1.98788873, 19.577511, 1.609036632E-03, 5.661296967E-03, -2.0249998, 50.2493801, -22.9191999
188.598739, 103.072807, -9.350104663E-02, -14.7563956, -2.53648253, 16.0540249, 1.920779284E-03, 4.584856522E-02, -1.95953973, -1.92549836, -1.98882549, 19.5800733, 1.609309156E-03, 5.65722178E-03, -2.02506056, 50.223136, -22.8811118
189.098739, 103.055649, -9.344812942E-02, -14.7320034, -2.52783463, 16.0239079, 1.919285524E-03, 4.580452033E-02, -1.95751013, -1.92247273, -1.98772193, 19.5707139, 1.608694628E-03, 5.644439736E-03, -2.02320561, 50.1844382, -22.816439
189.598739, 103.067299, -9.34002631E-02, -14.7295602, -2.52191476, 16.016858, 1.919076535E-03, 4.580544712E-02, -1.95752263, -1.92302153, -1.9891504, 19.5768706, 1.609242838E-03, 5.640532761E-03, -2.02347955, 50.1494556, -22.7725582
190.098739, 103.069641, -9.351462061E-02, -14.7425999, -2.53859077, 16.0426299, 1.920550454E-03, 4.583845381E-02, -1.95961851, -1.91841141, -1.98924229, 19.5748732, 1.608939624E-03, 5.65048336E-03, -2.02485188, 50.2295799, -22.8479131
190.598739, 103.072807, -9.348026672E-02, -14.7371856, -2.53362789, 16.033535, 1.920222433E-03, 4.58330518E-02, -1.95943343, -1.91789883, -1.99014872, 19.5773422, 1.609197562E-03, 5.644133268E-03, -2.02488609, 50.2035756, -22.8095524
191.098739, 103.055649, -9.342744756E-02, -14.7129919, -2.52501571, 16.0036349, 1.918702558E-03, 4.578950975E-02, -1.95740984, -1.91492917, -1.98904596, 19.5680485, 1.608580798E-03, 5.631698317E-03, -2.0230372, 50.1649509, -22.7454175
191.598739, 103.067299, -9.337966554E-02, -14.7107108, -2.51912049, 15.9967611, 1.918464743E-03, 4.579051647E-02, -1.95742371, -1.91553012, -1.99047183, 19.5742507, 1.609125394E-03, 5.627823754E-03, -2.02331351, 50.1300612, -22.7019797
192.098739, 103.069641, -9.349411162E-02, -14.7239153, -2.53582215, 16.0227126, 1.919912563E-03, 4.582363855E-02, -1.95952142, -1.91097241, -1.99056131, 19.5723013, 1.608819322E-03, 5.637857867E-03, -2.02468857, 50.2102728, -22.7777645
192.598739, 103.072807, -9.345984376E-02, -14.7186639, -2.53088458, 16.0137944, 1.919558219E-03, 4.581835042E-02, -1.95933807, -1.91051173, -1.99146512, 19.5748162, 1.609074141E-03, 5.631589031E-03, -2.02472533, 50.1843553, -22.7398522
193.098739, 103.055649, -9.34071088E-02, -14.6946265, -2.52229726, 15.9840644, 1.918012637E-03, 4.577493665E-02, -1.95731619, -1.90759191, -1.99035987, 19.5655664, 1.608454325E-03, 5.619234469E-03, -2.02287898, 50.1458211, -22.6761435
193.598739, 103.067299, -9.335940929E-02, -14.6924972, -2.51642613, 15.977356, 1.917749811E-03, 4.57760381E-02, -1.95733178, -1.90824117, -1.9917832, 19.5718108, 1.608995846E-03, 5.615441927E-03, -2.02315777, 50.1110177, -22.6331321
194.098739, 103.069641, -9.347394022E-02, -14.7058533, -2.5331518, 16.0034728, 1.919174765E-03, 4.580926413E-02, -1.95943117, -1.9037319, -1.99187005, 19.5699047, 1.608687257E-03, 5.625548221E-03, -2.02453525, 50.1913176, -22.7093219
194.598739, 103.072807, -9.343975514E-02, -14.7007515, -2.52823815, 15.9947174, 1.918797301E-03, 4.580406732E-02, -1.95924944, -1.90331924, -1.99277105, 19.5724618, 1.608939286E-03, 5.619345914E-03, -2.02457439, 50.1654844, -22.6718333
195.098739, 103.055649, -9.338710112E-02, -14.6768581, -2.51967399, 15.9651442, 1.917229115E-03, 4.576077431E-02, -1.95722918, -1.90044561, -1.9916631, 19.5632518, 1.608316798E-03, 5.607069481E-03, -2.02273032, 50.1270347, -22.6085269
195.598739, 103.067299, -9.333948117E-02, -14.6748688, -2.51382579, 15.9585881, 1.916944381E-03, 4.576197058E-02, -1.95724634, -1.90113946, -1.99308384, 19.5695349, 1.608855655E-03, 5.603348654E-03, -2.02301138, 50.0923152, -22.5659191
196.098739, 103.068123, -9.340418133E-02, -14.6849711, -2.52305274, 15.9755916, 1.917886863E-03, 4.578920657E-02, -1.95888115, -1.89865613, -1.99388097, 19.5712189, 1.608907416E-03, 5.60908302E-03, -2.02429212, 50.1355653, -22.605361
196.598739, 103.072441, -9.343636497E-02, -14.684423, -2.52821892, 15.9792467, 1.918093253E-03, 4.579213979E-02, -1.95930127, -1.89564997, -1.99378678, 19.568924, 1.608666595E-03, 5.609604653E-03, -2.02443096, 50.1589236, -22.6172707
197.098739, 103.055649, -9.336744059E-02, -14.6597054, -2.5172289, 15.9469562, 1.916361728E-03, 4.574665431E-02, -1.95714592, -1.8934864, -1.99293194, 19.5610492, 1.608168097E-03, 5.594856223E-03, -2.02258467, 50.1085839, -22.5423375
197.598739, 103.067299, -9.331990988E-02, -14.6578809, -2.51141144, 15.940579, 1.916062044E-03, 4.574835216E-02, -1.95717052, -1.89422381, -1.99435467, 19.5673881, 1.60870618E-03, 5.59161159E-03, -2.0228723, 50.0739236, -22.5002457
198.098739, 103.068123, -9.338468641E-02, -14.6681046, -2.52065399, 15.9577127, 1.916986234E-03, 4.577563184E-02, -1.95880593, -1.89178174, -1.99514914, 19.569106, 1.60875585E-03, 5.597363033E-03, -2.02415464, 50.1172576, -22.5400507
198.598739, 103.072441, -9.341694784E-02, -14.6676819, -2.52583752, 15.9615023, 1.917175517E-03, 4.577866688E-02, -1.95922738, -1.88881728, -1.99505259, 19.566847, 1.608513109E-03, 5.5979528E-03, -2.02429555, 50.1406918, -22.5523411
199.098739, 103.055649, -9.3348099E-02, -14.6430857, -2.51486442, 15.9293414, 1.915426819E-03, 4.573326343E-02, -1.95707327, -1.88669409, -1.99419543, 19.559005, 1.608012639E-03, 5.583268972E-03, -2.02245122, 50.0904322, -22.4777833
199.598739, 103.067299, -9.330064229E-02, -14.6413779, -2.50906387, 15.9230893, 1.915110607E-03, 4.57350484E-02, -1.95709907, -1.88747011, -1.99561582, 19.5653765, 1.608548677E-03, 5.580087101E-03, -2.02274078, 50.0558481, -22.4360617
200, 103.069908, -9.340802662E-02, -14.655327, -2.52504998, 15.9491784, 1.916464688E-03, 4.576752625E-02, -1.95916711, -1.88359089, -1.99573641, 19.5642227, 1.608291864E-03, 5.589353722E-03, -2.02414452, 50.1313791, -22.5114098
200.1, 92.1235733, -7.966836578E-02, -6.46150321, 0.438581642, 6.76286176, 1.403572078E-03, 2.917712106E-02, -1.18754274, -1.21078025, -1.39918157, 15.6304383, 1.337838244E-03, 2.003035221E-03, -1.29961762, 39.5877109, -5.91557775
200.2, 92.1235733, -7.966744908E-02, -6.47475847, 0.432460637, 6.77329932, 1.401834797E-03, 2.917833811E-02, -1.18780357, -1.2127858, -1.39901552, 15.6319197, 1.337562282E-03, 2.004080941E-03, -1.29960408, 39.5859542, -5.9219034
200.35, 92.1235733, -7.966615634E-02, -6.49444843, 0.423378338, 6.78887678, 1.399247911E-03, 2.917875065E-02, -1.18819, -1.21576592, -1.39877623, 15.6341626, 1.337153512E-03, 2.004324121E-03, -1.29958459, 39.5833244, -5.93124152
200.575, 92.1235733, -7.966414766E-02, -6.52359561, 0.40996527, 6.81209575, 1.395415247E-03, 2.918090203E-02, -1.18875851, -1.22019656, -1.39842181, 15.6374962, 1.336546819E-03, 2.006108338E-03, -1.29955501, 39.5793848, -5.94506963
200.9125, 92.1235733, -7.966129559E-02, -6.5664459, 0.390305179, 6.84656907, 1.389771125E-03, 2.918263713E-02, -1.18959404, -1.22672726, -1.39791636, 15.6424712, 1.335654097E-03, 2.007373606E-03, -1.2995166, 39.5734525, -5.96539593
201.4125, 79.9307556, -7.260415755E-02, 0.402834796, 2.43203338, 6.3224495, 1.07102064E-03, 1.500435257E-02, -0.574639795, -0.377873849, -0.890677795, 12.0338822, 1.078618046E-03, -1.340027319E-03, -0.702713, 32.7457905, 5.65358029
201.9125, 79.9307556, -7.259835466E-02, 0.289673019, 2.38863284, 6.20782365, 1.058489328E-03, 1.484844322E-02, -0.57671722, -0.397366061, -0.890932153, 12.0502641, 1.076310211E-03, -1.20325465E-03, -0.702827907, 32.7367039, 5.59431386
202.4125, 69.3736115, -6.858697398E-02, 5.75584054, 3.91565857, 11.4149887, 9.017452752E-04, 4.628148635E-03, -0.117284996, 0.358828639, -0.533241487, 9.43186198, 8.854276609E-04, -4.656856372E-03, -0.252425063, 27.7213602, 14.3129273
202.9125, 69.3736115, -6.857990831E-02, 5.60464817, 3.86328991, 11.2333811, 8.940976324E-04, 4.057475644E-03, -0.120151057, 0.332299725, -0.53448689, 9.45359668, 8.824407435E-04, -3.90944471E-03, -0.252829267, 27.714448, 14.1974382
203.4125, 50.8652, -6.524596527E-02, 14.7266059, 6.35480589, 21.4824445, 9.956050649E-04, -1.163814137E-02, 0.560988526, 1.81983546, -0.104430461, 6.60147178, 6.750323164E-04, -9.891862738E-03, 0.417283127, 19.5570202, 28.33663
203.9125, 50.8652, -6.523298934E-02, 14.5063144, 6.28711774, 21.2166498, 1.009737313E-03, -1.26820717E-02, 0.557164112, 1.77870572, -0.104729875, 6.60853829, 6.692370506E-04, -8.035037885E-03, 0.416947884, 19.5592289, 28.049671
204.4125, 50.8652, -6.522557482E-02, 14.3038025, 6.22213699, 20.9704172, 1.02431409E-03, -1.254219362E-02, 0.554159532, 1.73770696, -0.105247144, 6.61392026, 6.636596123E-04, -8.228652144E-03, 0.416608528, 19.5563612, 27.8852998
204.9125, 50.8652, -6.521792151E-02, 14.1072272, 6.15965537, 20.732026, 1.039152608E-03, -1.25342762E-02, 0.551194079, 1.69812811, -0.105770531, 6.61993093, 6.583669102E-04, -8.194825262E-03, 0.416258735, 19.5536614, 27.7145778
205.4125, 50.8652, -6.521065475E-02, 13.9176219, 6.09958348, 20.5024058, 1.05419478E-03, -1.251205269E-02, 0.548349421, 1.6597807, -0.106320215, 6.62627403, 6.533424241E-04, -8.18654989E-03, 0.415900585, 19.5505648, 27.5513371
205.9125, 32.4292679, -6.584753284E-02, 22.58055, 8.4296396, 30.6017305, 1.476855132E-03, -2.596692043E-02, 1.09418082, 3.33747511, 8.886228472E-02, 5.79495467, 6.580190983E-04, -1.352179855E-02, 0.955593505, 11.7007211, 40.763485
206.4125, 32.4292679, -6.583174569E-02, 22.3147966, 8.35332773, 30.2854076, 1.508390401E-03, -2.661180165E-02, 1.09045711, 3.2844994, 9.082440903E-02, 5.78406024, 6.531702437E-04, -1.179925284E-02, 0.955645636, 11.7104972, 40.2592513
206.9125, 32.4292679, -6.582658532E-02, 22.073226, 8.28023844, 29.9950392, 1.539651625E-03, -2.65096373E-02, 1.08720712, 3.23284801, 9.162128845E-02, 5.77389253, 6.489593429E-04, -1.19701788E-02, 0.955168139, 11.7126313, 39.8982526
207.4125, 32.4292679, -6.58205247E-02, 21.8385376, 8.20992806, 29.7135512, 1.570538357E-03, -2.649110865E-02, 1.08404157, 3.18290904, 9.246130882E-02, 5.76476591, 6.452427255E-04, -1.193140607E-02, 0.954738786, 11.7151068, 39.5508448
207.9125, 32.4292679, -6.581484671E-02, 21.6122734, 8.14231627, 29.4423712, 1.600998912E-03, -2.646381756E-02, 1.08099851, 3.13456741, 9.321566705E-02, 5.75656658, 6.420056511E-04, -1.191650133E-02, 0.954294875, 11.7170591, 39.2265362
208.4125, 32.4292679, -6.580940518E-02, 21.3939203, 8.07728956, 29.1809102, 1.630989145E-03, -2.643810038E-02, 1.0780683, 3.08777631, 9.390363223E-02, 5.74923633, 6.392169266E-04, -1.189956103E-02, 0.953844508, 11.7186059, 38.9214095
208.9125, 32.4292679, -6.580420396E-02, 21.1832051, 8.01474458, 28.9288214, 1.660473984E-03, -2.641271068E-02, 1.07524708, 3.04248263, 9.452809268E-02, 5.74271375, 6.368446942E-04, -1.188336211E-02, 0.953388019, 11.7197569, 38.6334758
209.4125, 32.4292679, -6.579923876E-02, 20.9798428, 7.95458087, 28.685747, 1.689426439E-03, -2.638785667E-02, 1.0725303, 2.99863713, 9.509297889E-02, 5.73694301, 6.348560629E-04, -1.186763834E-02, 0.952926356, 11.72053, 38.3609446
209.9125, 32.4292679, -6.57944973E-02, 20.7835644, 7.8967034, 28.4513494, 1.717826293E-03, -2.636343593E-02, 1.0699139, 2.95619161, 9.560235516E-02, 5.73187061, 6.332180127E-04, -1.185233887E-02, 0.952460473, 11.7209435, 38.1023156
210.4125, 32.4292679, -6.578997617E-02, 20.5941088, 7.84101977, 28.2253015, 1.745658876E-03, -2.633950237E-02, 1.06739378, 2.91510051, 9.605958716E-02, 5.72744738, 6.318983529E-04, -1.183751819E-02, 0.951991114, 11.721012, 37.8563117
210.9125, 32.4292679, -6.578566351E-02, 20.4112275, 7.78744343, 28.0072918, 1.772914549E-03, -2.631599109E-02, 1.06496619, 2.87531932, 9.646822215E-02, 5.72362631, 6.308661423E-04, -1.182308903E-02, 0.951519119, 11.7207532, 37.6218308
211.4125, 32.4292679, -6.578155523E-02, 20.2346812, 7.73588956, 27.7970192, 1.799587365E-03, -2.629295799E-02, 1.06262735, 2.83680563, 9.683131663E-02, 5.72036426, 6.300923963E-04, -1.180908984E-02, 0.951045139, 11.7201805, 37.3979154
211.9125, 32.4292679, -6.577764041E-02, 20.064239, 7.68627782, 27.5941962, 1.825674906E-03, -2.627034393E-02, 1.0603738, 2.79951803, 9.715196792E-02, 5.71762004, 6.295500453E-04, -1.179547449E-02, 0.95056987, 11.7193092, 37.1837317
212.4125, 32.4292679, -6.577391447E-02, 19.8996813, 7.63853136, 27.3985464, 1.851177398E-03, -2.624818264E-02, 1.05820211, 2.76341712, 9.743289913E-02, 5.71535549, 6.292143381E-04, -1.178224914E-02, 0.950093909, 11.7181534, 36.9785436
212.9125, 32.4292679, -6.577036752E-02, 19.7407955, 7.59257595, 27.2098038, 1.876097095E-03, -2.622641394E-02, 1.05610909, 2.7284645, 9.767689384E-02, 5.71353481, 6.290626074E-04, -1.176936834E-02, 0.949617851, 11.7167253, 36.7816972
213.4125, 32.4292679, -6.576699469E-02, 19.5873762, 7.54834115, 27.0277129, 1.900438349E-03, -2.620508829E-02, 1.05409159, 2.69462298, 9.788627978E-02, 5.71212429, 6.290743547E-04, -1.175686986E-02, 0.949142196, 11.7150371, 36.592615
213.9125, 32.4292679, -6.576378709E-02, 19.4392276, 7.50575908, 26.8520277, 1.924206801E-03, -2.618415227E-02, 1.05214669, 2.66185693, 9.806359343E-02, 5.71109248, 6.292310439E-04, -1.174469825E-02, 0.948667475, 11.7131015, 36.410775
214.4125, 32.4292679, -6.576073971E-02, 19.2961603, 7.46476387, 26.6825123, 1.947409188E-03, -2.616363376E-02, 1.05027147, 2.63013178, 9.821090787E-02, 5.71040981, 6.295159661E-04, -1.173287057E-02, 0.948194106, 11.7109308, 36.2357083
214.9125, 25.5992393, -6.69880147E-02, 22.3450952, 8.27737979, 30.251816, 2.170906634E-03, -3.065064897E-02, 1.21854873, 3.28974701, 0.110509161, 5.76016019, 6.871298895E-04, -1.324087679E-02, 1.11575388, 8.85183955, 40.8876517
215.4125, 25.5992393, -6.698120247E-02, 22.1788923, 8.23121121, 30.0558169, 2.196652124E-03, -3.069062253E-02, 1.2166153, 3.25327763, 0.112047199, 5.75404158, 6.878341399E-04, -1.298259849E-02, 1.11558282, 8.85394001, 40.6468295
215.9125, 25.5992393, -6.697971201E-02, 22.0232764, 8.18715097, 29.8718701, 2.221720096E-03, -3.066173613E-02, 1.21468791, 3.21805317, 0.112969769, 5.74872549, 6.886572899E-04, -1.299467098E-02, 1.1150938, 8.85328102, 40.4289974
216.4125, 25.5992393, -6.697774402E-02, 21.8724951, 8.14469439, 29.6938306, 2.24615789E-03, -3.064103383E-02, 1.21283618, 3.18394415, 0.113897636, 5.74389022, 6.895465149E-04, -1.2977228E-02, 1.11464037, 8.8526454, 40.2185425
216.9125, 25.5992393, -6.697594342E-02, 21.7269666, 8.10382507, 29.5221113, 2.26997469E-03, -3.061990376E-02, 1.21104954, 3.15092263, 0.114764979, 5.73953334, 6.904965086E-04, -1.296354095E-02, 1.11418386, 8.85173941, 40.0165029
217.4125, 25.5992393, -6.697423733E-02, 21.5864347, 8.06447435, 29.3564062, 2.293184409E-03, -3.059930683E-02, 1.2093263, 3.11895206, 0.11558221, 5.73561919, 6.914980156E-04, -1.294991788E-02, 1.11372914, 8.85060549, 39.82219
217.9125, 25.5992393, -6.697263054E-02, 21.4507245, 8.02658374, 29.1965011, 2.315800501E-03, -3.057909704E-02, 1.20766399, 3.08799821, 0.116351199, 5.73211785, 6.925433539E-04, -1.293673728E-02, 1.11327613, 8.84925103, 39.6351461
218.4125, 25.5992393, -6.697112072E-02, 21.3196606, 7.99009503, 29.04218, 2.337836239E-03, -3.055931888E-02, 1.20606023, 3.05802791, 0.117074563, 5.72900095, 6.936255109E-04, -1.292393673E-02, 1.11282532, 8.84768605, 39.4549358
218.9125, 25.5992393, -6.69697044E-02, 21.1930762, 7.95495374, 28.893238, 2.359305034E-03, -3.053992874E-02, 1.20451283, 3.02900895, 0.117754673, 5.72624174, 6.947382787E-04, -1.291151157E-02, 1.11237705, 8.84592033, 39.2811576
219.4125, 25.5992393, -6.696837964E-02, 21.0708095, 7.92110732, 28.7494772, 2.380219982E-03, -3.052093563E-02, 1.2030196, 3.00091061, 0.118393876, 5.72381557, 6.958760949E-04, -1.289944463E-02, 1.11193166, 8.8439622, 39.1134426
219.9125, 25.5992393, -6.696714285E-02, 20.9527054, 7.8885046, 28.6107065, 2.400594508E-03, -3.050232949E-02, 1.2015785, 2.97370299, 0.118994373, 5.7216989, 6.970339778E-04, -1.288772077E-02, 1.11148948, 8.84182072, 38.9514549
220.4125, 25.5992393, -6.696599178E-02, 20.8386148, 7.85709757, 28.4767445, 2.42044122E-03, -3.048410271E-02, 1.20018755, 2.94735705, 0.119558183, 5.7198698, 6.982074779E-04, -1.287632846E-02, 1.11105078, 8.83950377, 38.7948778
220.9125, 25.5992393, -6.696492294E-02, 20.7283946, 7.82683959, 28.3474147, 2.439773147E-03, -3.0466243E-02, 1.19884482, 2.92184506, 0.120087321, 5.71830769, 6.993926246E-04, -1.286524936E-02, 1.11061582, 8.83702016, 38.6434238
221.4125, 25.5992393, -6.69639339E-02, 20.6219075, 7.79768614, 28.2225495, 2.458602531E-03, -3.044874891E-02, 1.19754852, 2.89713991, 0.120583623, 5.71699316, 7.005858341E-04, -1.285449344E-02, 1.11018481, 8.83437515, 38.4968273
221.9125, 25.5992393, -6.696302135E-02, 20.5190193, 7.7695943, 28.1019853, 2.476942121E-03, -3.043159794E-02, 1.19629687, 2.87321548, 0.121048906, 5.71590814, 7.017839395E-04, -1.284401691E-02, 1.10975802, 8.83157826, 38.3548353
222.4125, 25.5992393, -6.696218279E-02, 20.4196024, 7.7425234, 27.9855661, 2.494803925E-03, -3.041480921E-02, 1.1950882, 2.8500467, 0.121484883, 5.71503592, 7.029841147E-04, -1.283384357E-02, 1.10933558, 8.8286357, 38.21722
222.9125, 25.5992393, -6.696141509E-02, 20.3235333, 7.71643366, 27.8731415, 2.51219976E-03, -3.039835167E-02, 1.19392091, 2.82760907, 0.121893092, 5.71436042, 7.041838025E-04, -1.282393809E-02, 1.10891768, 8.82555318, 38.0837669
223.4125, 25.5992393, -6.696071579E-02, 20.2306945, 7.69128759, 27.7645675, 2.529141594E-03, -3.038224059E-02, 1.19279342, 2.80587903, 0.12227512, 5.71386694, 7.053807623E-04, -1.281430771E-02, 1.10850451, 8.82233811, 37.9542752
223.9125, 25.5992393, -6.696008194E-02, 20.1409712, 7.66704898, 27.6597048, 2.545640504E-03, -3.03664529E-02, 1.19170426, 2.78483382, 0.122632371, 5.71354134, 7.06572967E-04, -1.280493832E-02, 1.10809616, 8.81899596, 37.8285582
224.4125, 25.5992393, -6.695951113E-02, 20.054254, 7.6436827, 27.5584197, 2.561708034E-03, -3.035098925E-02, 1.190652, 2.7644512, 0.122966282, 5.71337087, 7.077586188E-04, -1.279582099E-02, 1.1076928, 8.81553197, 37.7064422
224.9125, 23.2692661, -6.756960112E-02, 21.0421593, 7.90612688, 28.7137731, 2.64683118E-03, -3.178001737E-02, 1.24134601, 2.9902076, 0.116447568, 5.77655441, 7.330082689E-04, -1.325859659E-02, 1.15846467, 7.8466444, 39.2135558
225.4125, 23.2692661, -6.756732336E-02, 20.9503621, 7.88160592, 28.6066291, 2.663220713E-03, -3.177089164E-02, 1.24032733, 2.96876178, 0.117352671, 5.77508856, 7.342071653E-04, -1.321643555E-02, 1.15819108, 7.84446001, 39.0801603
225.9125, 23.2692661, -6.756735027E-02, 20.862938, 7.8580905, 28.5045762, 2.679154724E-03, -3.175491887E-02, 1.23929705, 2.94805388, 0.117971748, 5.77406781, 7.354109806E-04, -1.321018339E-02, 1.15779747, 7.84133435, 38.9534652
226.4125, 23.2692661, -6.756717465E-02, 20.7783025, 7.83540955, 28.4058488, 2.694672056E-03, -3.174006422E-02, 1.23830683, 2.92798919, 0.118586265, 5.77318664, 7.366010612E-04, -1.320025419E-02, 1.15742217, 7.8381815, 38.8299922
226.9125, 23.2692661, -6.756707332E-02, 20.6965164, 7.81354568, 28.3105023, 2.709780443E-03, -3.17254223E-02, 1.23734952, 2.90855478, 0.119166749, 5.7724651, 7.377783458E-04, -1.319101511E-02, 1.15704995, 7.83490563, 38.7099565
227.4125, 23.2692661, -6.75670139E-02, 20.6174608, 7.79246592, 28.2183956, 2.724490991E-03, -3.171108594E-02, 1.23642452, 2.88972955, 0.11971815, 5.7718884, 7.389416913E-04, -1.318198654E-02, 1.15668263, 7.83152342, 38.5931738
227.9125, 23.2692661, -6.756699781E-02, 20.5410419, 7.77214053, 28.1294142, 2.738813977E-03, -3.169706135E-02, 1.23553058, 2.87149399, 0.120241525, 5.77144591, 7.400903207E-04, -1.317320035E-02, 1.15632009, 7.82803774, 38.479516
228.4125, 23.2692661, -6.756702334E-02, 20.4671663, 7.75254061, 28.0434455, 2.752759166E-03, -3.168331633E-02, 1.23466657, 2.85382905, 0.12073832, 5.77112786, 7.412234999E-04, -1.316465064E-02, 1.15596245, 7.82445526, 38.3688541
228.9125, 23.2692661, -6.756708857E-02, 20.3957444, 7.73363892, 27.9603817, 2.76633674E-03, -3.166984895E-02, 1.23383141, 2.8367165, 0.121209825, 5.77092485, 7.423407179E-04, -1.315632728E-02, 1.15560978, 7.82077742, 38.2610662
229.4125, 23.2692661, -6.756719218E-02, 20.3266899, 7.71540857, 27.880118, 2.779556324E-03, -3.165667629E-02, 1.23302402, 2.82013825, 0.121657263, 5.77082776, 7.434413988E-04, -1.314821914E-02, 1.15526212, 7.81701136, 38.1560406
229.9125, 23.2692661, -6.756733233E-02, 20.2599201, 7.69782442, 27.8025551, 2.792427097E-03, -3.164376824E-02, 1.23224342, 2.80407759, 0.122081948, 5.77082859, 7.44525168E-04, -1.314032758E-02, 1.15491954, 7.81315947, 38.0536648
230.4125, 23.2692661, -6.756750774E-02, 20.1953556, 7.68086144, 27.7275963, 2.804958163E-03, -3.16311336E-02, 1.23148863, 2.78851739, 0.12248482, 5.77091962, 7.455916142E-04, -1.313264352E-02, 1.15458207, 7.80922652, 37.9538371
230.9125, 23.2692661, -6.756771669E-02, 20.1329197, 7.66449696, 27.6551504, 2.817158535E-03, -3.161875332E-02, 1.23075872, 2.77344194, 0.122867121, 5.77109361, 7.466404935E-04, -1.312515378E-02, 1.15424975, 7.80521488, 37.8564603
231.4125, 23.2692661, -6.756795792E-02, 20.0725364, 7.6487078, 27.5851256, 2.829036853E-03, -3.160663776E-02, 1.23005282, 2.7588355, 0.123229833, 5.77134363, 7.476716184E-04, -1.311785442E-02, 1.15392259, 7.80112982, 37.7614392
231.9125, 23.2692661, -6.756822986E-02, 20.0141359, 7.63347273, 27.5174382, 2.84060154E-03, -3.159476572E-02, 1.22937004, 2.744683, 0.123573927, 5.77166344, 7.486847077E-04, -1.311073718E-02, 1.15360063, 7.79697418, 37.6686856
232.4125, 23.2692661, -6.75685313E-02, 19.9576486, 7.61877075, 27.4520037, 2.851861054E-03, -3.158314865E-02, 1.22870957, 2.73096985, 0.123900333, 5.7720471, 7.496797236E-04, -1.310380365E-02, 1.15328386, 7.79275084, 37.5781178
232.9125, 23.2692661, -6.756886079E-02, 19.903008, 7.6045818, 27.3887434, 2.862823054E-03, -3.15717744E-02, 1.22807062, 2.71768209, 0.124209918, 5.77248911, 7.506565553E-04, -1.309704745E-02, 1.15297229, 7.78846359, 37.4896502
233.4125, 23.2692661, -6.756921715E-02, 19.8501506, 7.5908873, 27.3275806, 2.873495731E-03, -3.15606372E-02, 1.22745242, 2.70480581, 0.124503633, 5.77298435, 7.51615136E-04, -1.309045858E-02, 1.15266592, 7.78411532, 37.4032127
233.9125, 23.2692661, -6.756959907E-02, 19.7990137, 7.57766822, 27.2684407, 2.883886456E-03, -3.154973177E-02, 1.22685427, 2.69232795, 0.124782158, 5.7735279, 7.525554814E-04, -1.308402915E-02, 1.15236474, 7.77970839, 37.3187276
234.4125, 23.2692661, -6.757000545E-02, 19.7495387, 7.56490667, 27.2112525, 2.894002594E-03, -3.15390565E-02, 1.22627541, 2.68023583, 0.12504634, 5.77411517, 7.534776342E-04, -1.307776115E-02, 1.15206872, 7.77524567, 37.2361266
234.9125, 22.4527397, -6.782153077E-02, 20.0741428, 7.65128495, 27.5906063, 2.928158786E-03, -3.201313284E-02, 1.24261099, 2.75662287, 0.120652609, 5.80450998, 7.633102651E-04, -1.322927558E-02, 1.16851003, 7.43414736, 37.7214378
235.4125, 22.4527397, -6.782124089E-02, 20.0241442, 7.63841052, 27.5327991, 2.938144192E-03, -3.200390351E-02, 1.24206011, 2.74444799, 0.12113071, 5.80473983, 7.642118207E-04, -1.321765172E-02, 1.16826876, 7.43008709, 37.637587
235.9125, 22.4527397, -6.782185365E-02, 19.9761523, 7.62601962, 27.4773333, 2.947853995E-03, -3.199354522E-02, 1.24150735, 2.73267938, 0.121489735, 5.80514975, 7.651017065E-04, -1.32119383E-02, 1.16798623, 7.42569161, 37.5563166
236.4125, 22.4527397, -6.782238865E-02, 19.9296753, 7.61405377, 27.4236485, 2.95730779E-03, -3.198355282E-02, 1.24097469, 2.72126917, 0.121842941, 5.80558653, 7.659727194E-04, -1.320573946E-02, 1.16771363, 7.42127609, 37.4767201
236.9125, 22.4527397, -6.78229537E-02, 19.8847076, 7.60250171, 27.371734, 2.966511318E-03, -3.19737481E-02, 1.24045898, 2.71020986, 0.122178628, 5.80606271, 7.668258387E-04, -1.31997608E-02, 1.16744527, 7.41680813, 37.398833
237.4125, 22.4527397, -6.78235359E-02, 19.8411921, 7.59134744, 27.3215235, 2.975471089E-03, -3.196415547E-02, 1.23995994, 2.69948978, 0.122498979, 5.80657325, 7.676610605E-04, -1.319392261E-02, 1.16718176, 7.41229439, 37.3225846
237.9125, 22.4527397, -6.782413553E-02, 19.7990791, 7.58057669, 27.2729561, 2.9841937E-03, -3.195476275E-02, 1.23947692, 2.68909792, 0.122804615, 5.80711484, 7.684786096E-04, -1.318821824E-02, 1.16692299, 7.40773678, 37.247923
238.4125, 22.4527397, -6.782475172E-02, 19.75832, 7.57017474, 27.2259756, 2.992685068E-03, -3.194556441E-02, 1.23900941, 2.67902393, 0.123096181, 5.8076843, 7.692786324E-04, -1.318265776E-02, 1.16666896, 7.40313673, 37.1747984
238.9125, 22.4527397, -6.782538349E-02, 19.7188693, 7.56012861, 27.1805259, 3.000951797E-03, -3.193656496E-02, 1.23855683, 2.66925775, 0.123374448, 5.80827881, 7.700613694E-04, -1.317722781E-02, 1.16641962, 7.39849711, 37.1031597
239.4125, 22.4527397, -6.782603017E-02, 19.680682, 7.55042469, 27.1365544, 3.008999583E-03, -3.192774912E-02, 1.23811871, 2.65978925, 0.123639941, 5.80889537, 7.70826968E-04, -1.317192162E-02, 1.16617496, 7.39382029, 37.0329581
239.9125, 22.4527397, -6.782669085E-02, 19.6437134, 7.54105091, 27.0940086, 3.016834233E-03, -3.1919124E-02, 1.23769454, 2.65060923, 0.123893367, 5.80953158, 7.715757004E-04, -1.316674318E-02, 1.16593493, 7.38910675, 36.9641474
240.4125, 22.4527397, -6.78273649E-02, 19.6079232, 7.53199418, 27.0528391, 3.024461242E-03, -3.191067183E-02, 1.23728385, 2.6417082, 0.124135241, 5.81018508, 7.723077211E-04, -1.31616786E-02, 1.1656995, 7.38435936, 36.8966864
240.9125, 22.4527397, -6.782805149E-02, 19.5732711, 7.523244, 27.0129994, 3.03188629E-03, -3.190240536E-02, 1.23688618, 2.63307738, 0.124366139, 5.81085382, 7.73023318E-04, -1.315673749E-02, 1.16546862, 7.37958002, 36.8305319
241.4125, 22.4527397, -6.782875002E-02, 19.5397173, 7.51478865, 26.9744418, 3.039114639E-03, -3.189431807E-02, 1.2365011, 2.62470801, 0.124586587, 5.81153557, 7.737226929E-04, -1.315191102E-02, 1.16524225, 7.37477112, 36.7656416
241.9125, 22.4527397, -6.782945976E-02, 19.5072257, 7.50661755, 26.9371227, 3.046151676E-03, -3.188639365E-02, 1.23612818, 2.61659191, 0.124797107, 5.81222852, 7.744061147E-04, -1.314718509E-02, 1.16502036, 7.36993218, 36.7019801
242.4125, 22.4527397, -6.783018012E-02, 19.4757598, 7.49872017, 26.9010001, 3.053002194E-03, -3.187863793E-02, 1.23576701, 2.60872085, 0.124998215, 5.81293059, 7.750737935E-04, -1.314257146E-02, 1.16480288, 7.36506701, 36.639507
242.9125, 22.4527397, -6.783091045E-02, 19.4452844, 7.49108668, 26.8660312, 3.059671094E-03, -3.187103987E-02, 1.2354172, 2.60108697, 0.12519027, 5.81364036, 7.757259896E-04, -1.313805299E-02, 1.16458977, 7.36017466, 36.5781869
243.4125, 22.4527397, -6.783165021E-02, 19.4157659, 7.48370787, 26.8321775, 3.066163443E-03, -3.186361394E-02, 1.2350784, 2.59368283, 0.125373771, 5.8143564, 7.763630033E-04, -1.313364439E-02, 1.164381, 7.35525894, 36.517987
243.9125, 22.4527397, -6.78323988E-02, 19.3871718, 7.47657398, 26.7993998, 3.072483721E-03, -3.18563508E-02, 1.23475022, 2.58650102, 0.125549156, 5.81507708, 7.769850298E-04, -1.312933088E-02, 1.1641765, 7.35031939, 36.458872
244.4125, 22.4527397, -6.783315571E-02, 19.3594719, 7.4696762, 26.7676622, 3.078636438E-03, -3.184922158E-02, 1.23443231, 2.57953446, 0.125716807, 5.8158012, 7.775923281E-04, -1.312511154E-02, 1.16397622, 7.34535885, 36.400812
244.9125, 22.1624374, -6.793015507E-02, 19.4644666, 7.49787436, 26.8905392, 3.093249999E-03, -3.201030681E-02, 1.23990134, 2.60449523, 0.123797274, 5.8283784, 7.814189616E-04, -1.317586963E-02, 1.16950322, 7.22102165, 36.5443568
245.4125, 22.1624374, -6.793064263E-02, 19.4371785, 7.49107738, 26.8592635, 3.099221021E-03, -3.200378692E-02, 1.23960048, 2.59764882, 0.124040644, 5.82897697, 7.820050508E-04, -1.317058743E-02, 1.16932741, 7.21619606, 36.4869061
245.9125, 22.1624374, -6.793146636E-02, 19.4108648, 7.48451781, 26.82912, 3.105029066E-03, -3.199701299E-02, 1.23930153, 2.59101942, 0.124237118, 5.82963449, 7.825795457E-04, -1.31665961E-02, 1.16913875, 7.21125126, 36.4306498
246.4125, 22.1624374, -6.793226037E-02, 19.3853559, 7.47817374, 26.7999138, 3.110683286E-03, -3.199043057E-02, 1.23901282, 2.58458577, 0.124429529, 5.83028817, 7.831398645E-04, -1.316255419E-02, 1.1689559, 7.20629788, 36.3753427
246.9125, 22.1624374, -6.79330648E-02, 19.3606398, 7.47203894, 26.7716289, 3.116187502E-03, -3.198397252E-02, 1.2387331, 2.57834331, 0.124613467, 5.83094374, 7.836866161E-04, -1.315862925E-02, 1.1687767, 7.2013259, 36.3209812
247.4125, 22.1624374, -6.793387475E-02, 19.336689, 7.46610541, 26.7442336, 3.121545449E-03, -3.19776545E-02, 1.23846217, 2.57228565, 0.124789895, 5.83159947, 7.842199859E-04, -1.315477679E-02, 1.16860134, 7.19633675, 36.2675339
247.9125, 22.1624374, -6.793469023E-02, 19.3134771, 7.46036646, 26.7176972, 3.126761192E-03, -3.197147523E-02, 1.23819974, 2.56640715, 0.124959122, 5.83225459, 7.847402775E-04, -1.315100358E-02, 1.16842976, 7.1913333, 36.2149804
248.4125, 22.1624374, -6.793551085E-02, 19.2909789, 7.45481497, 26.6919889, 3.131838337E-03, -3.196542212E-02, 1.23794554, 2.5607019, 0.125121495, 5.83290824, 7.85247703E-04, -1.31473083E-02, 1.16826191, 7.18631506, 36.1632902
248.9125, 22.1624374, -6.793633619E-02, 19.2691709, 7.44944409, 26.6670824, 3.136780517E-03, -3.195950222E-02, 1.23769931, 2.55516447, 0.125277282, 5.8335599, 7.857425287E-04, -1.314368695E-02, 1.16809772, 7.18128395, 36.1124449
249.4125, 22.1624374, -6.793716591E-02, 19.2480301, 7.44424746, 26.6429501, 3.141591526E-03, -3.195370879E-02, 1.23746077, 2.54978952, 0.125426863, 5.8342084, 7.862249828E-04, -1.314014571E-02, 1.16793715, 7.17623949, 36.0624159
249.9125, 22.1624374, -6.793799963E-02, 19.2275349, 7.43921934, 26.619566, 3.146274584E-03, -3.194803343E-02, 1.23722969, 2.5445718, 0.125570506, 5.83485341, 7.866953494E-04, -1.313667014E-02, 1.16778015, 7.17118454, 36.0131868
250.4125, 22.1624374, -6.793883705E-02, 19.2076631, 7.43435276, 26.596904, 3.150833092E-03, -3.194247451E-02, 1.23700586, 2.53950649, 0.125708478, 5.83549422, 7.871538814E-04, -1.313325959E-02, 1.16762665, 7.16611767, 35.9647326
250.9125, 22.1624374, -6.793967782E-02, 19.1883927, 7.42964305, 26.5749396, 3.155270369E-03, -3.193704677E-02, 1.23678901, 2.5345886, 0.1258411, 5.83613033, 7.876007733E-04, -1.312993222E-02, 1.16747661, 7.16104126, 35.9170352
251.4125, 22.1624374, -6.794052166E-02, 19.1697056, 7.4250841, 26.5536504, 3.159589584E-03, -3.193172706E-02, 1.23657894, 2.52981347, 0.125968555, 5.83676118, 7.880363038E-04, -1.312666933E-02, 1.16732999, 7.15595722, 35.8700744
251.9125, 22.1624374, -6.794136826E-02, 19.1515813, 7.42067074, 26.5330128, 3.163793919E-03, -3.192651683E-02, 1.23637543, 2.52517658, 0.126091215, 5.83738654, 7.884606907E-04, -1.312346238E-02, 1.16718674, 7.15086365, 35.8238281
252.4125, 22.1624374, -6.794221736E-02, 19.1340013, 7.41639785, 26.5130049, 3.167886551E-03, -3.192142677E-02, 1.23617829, 2.52067355, 0.126209164, 5.83800582, 7.888741726E-04, -1.312031975E-02, 1.16704678, 7.14576292, 35.7782811
252.9125, 22.1624374, -6.794306868E-02, 19.1169479, 7.41226056, 26.4936061, 3.171870132E-03, -3.191643991E-02, 1.23598731, 2.51630015, 0.126322766, 5.83861864, 7.892769704E-04, -1.311723884E-02, 1.16691006, 7.14065457, 35.733413
253.4125, 22.1624374, -6.794392198E-02, 19.1004032, 7.40825385, 26.4747951, 3.175747682E-03, -3.191156069E-02, 1.2358023, 2.51205213, 0.126432106, 5.83922466, 7.896693427E-04, -1.311421263E-02, 1.16677653, 7.13554144, 35.6892078
253.9125, 22.1624374, -6.794477701E-02, 19.0843513, 7.40437351, 26.4565539, 3.179521743E-03, -3.190678046E-02, 1.23562309, 2.50792582, 0.126537499, 5.83982372, 7.900514895E-04, -1.311123733E-02, 1.16664617, 7.13042212, 35.6456489
254.4125, 22.1624374, -6.794563354E-02, 19.0687747, 7.40061542, 26.4388622, 3.183195356E-03, -3.190210822E-02, 1.23544949, 2.5039169, 0.126639077, 5.8404152, 7.904236145E-04, -1.310832687E-02, 1.16651889, 7.12529755, 35.6027202
254.9125, 22.0584545, -6.798223399E-02, 19.1007726, 7.40942366, 26.4765459, 3.189856315E-03, -3.195695639E-02, 1.2373086, 2.51145604, 0.125913917, 5.84544414, 7.919501753E-04, -1.312496632E-02, 1.16840335, 7.07747317, 35.6321363
255.4125, 22.0584545, -6.798298666E-02, 19.0856464, 7.40577249, 26.4593644, 3.193386659E-03, -3.195257725E-02, 1.23714489, 2.50756818, 0.126041474, 5.84597951, 7.923061078E-04, -1.312182365E-02, 1.16828796, 7.07240296, 35.5899839
255.9125, 22.0584545, -6.798386091E-02, 19.0710076, 7.40223988, 26.4427458, 3.196821077E-03, -3.194816798E-02, 1.23698355, 2.50379509, 0.126151029, 5.84652921, 7.926535315E-04, -1.311904941E-02, 1.16816937, 7.06729222, 35.5484812
256.4125, 22.0584545, -6.798472272E-02, 19.0567948, 7.39881731, 26.4266198, 3.200164113E-03, -3.194386456E-02, 1.23682763, 2.50012781, 0.126258351, 5.84706911, 7.929916235E-04, -1.311628777E-02, 1.16805433, 7.06218291, 35.5075493
256.9125, 22.0584545, -6.798558675E-02, 19.0429999, 7.39550128, 26.4109763, 3.203417655E-03, -3.193964471E-02, 1.23667662, 2.49656358, 0.126361764, 5.84760186, 7.933206812E-04, -1.311358598E-02, 1.16794202, 7.05706978, 35.4671843
257.4125, 22.0584545, -6.798645119E-02, 19.0296059, 7.39228822, 26.3957958, 3.206584174E-03, -3.193552695E-02, 1.2365304, 2.49309906, 0.12646177, 5.84812706, 7.936408982E-04, -1.311092108E-02, 1.16783248, 7.0519557, 35.4273727
257.9125, 22.0584545, -6.798731601E-02, 19.0166028, 7.38917404, 26.381066, 3.209665884E-03, -3.193147966E-02, 1.23638882, 2.48973113, 0.126558434, 5.84864442, 7.939525121E-04, -1.310830994E-02, 1.16772564, 7.04683972, 35.3880973
258.4125, 22.0584545, -6.798818106E-02, 19.0039766, 7.38615614, 26.3667713, 3.212665409E-03, -3.192753358E-02, 1.23625176, 2.48645683, 0.12665198, 5.84915387, 7.942556832E-04, -1.310574317E-02, 1.16762149, 7.04172278, 35.3493484
258.9125, 22.0584545, -6.798904616E-02, 18.9917143, 7.38323055, 26.3528959, 3.215584464E-03, -3.19236658E-02, 1.23611906, 2.48327306, 0.126742523, 5.84965536, 7.945505579E-04, -1.310322964E-02, 1.16751993, 7.03660441, 35.3111127
259.4125, 22.0584545, -6.798991117E-02, 18.9798048, 7.38039452, 26.3394273, 3.218425394E-03, -3.191987027E-02, 1.23599061, 2.48017696, 0.126830187, 5.85014882, 7.948374126E-04, -1.310073723E-02, 1.16742099, 7.03148556, 35.2733787
259.9125, 22.0584545, -6.799077593E-02, 18.9682362, 7.37764498, 26.3263516, 3.221190176E-03, -3.191616792E-02, 1.23586627, 2.47716588, 0.126915147, 5.85063411, 7.951163938E-04, -1.309830837E-02, 1.16732455, 7.02636767, 35.2361338
260.4125, 22.0584545, -6.799164033E-02, 18.956998, 7.37497881, 26.3136572, 3.223880785E-03, -3.19125345E-02, 1.23574592, 2.47423713, 0.12699754, 5.85111137, 7.953876725E-04, -1.309591307E-02, 1.1672306, 7.02125025, 35.1993675
260.9125, 22.0584545, -6.799250421E-02, 18.9460784, 7.37239326, 26.3013295, 3.226499085E-03, -3.190899154E-02, 1.23562946, 2.47138807, 0.127077484, 5.85158021, 7.956514249E-04, -1.30935549E-02, 1.16713907, 7.01613379, 35.1630703
261.4125, 22.0584545, -6.799336747E-02, 18.9354683, 7.36988542, 26.2893577, 3.22904716E-03, -3.190550967E-02, 1.23551675, 2.46861605, 0.127155053, 5.85204076, 7.95907809E-04, -1.30912377E-02, 1.16704996, 7.01101876, 35.1272267
261.9125, 22.0584545, -6.799422998E-02, 18.925157, 7.36745258, 26.27773, 3.231526711E-03, -3.190211335E-02, 1.2354077, 2.46591893, 0.127230431, 5.85249314, 7.96157042E-04, -1.308896085E-02, 1.16696317, 7.00590515, 35.0918321
262.4125, 22.0584545, -6.799509163E-02, 18.9151351, 7.36509265, 26.2664353, 3.233939626E-03, -3.189878235E-02, 1.23530217, 2.46329419, 0.127303696, 5.85293736, 7.963992614E-04, -1.308671652E-02, 1.16687871, 7.00079394, 35.0568729
262.9125, 22.0584545, -6.799595232E-02, 18.9053928, 7.36280308, 26.2554623, 3.236287604E-03, -3.189552919E-02, 1.2352001, 2.46073966, 0.12737501, 5.85337297, 7.966346539E-04, -1.308450669E-02, 1.16679651, 6.99568558, 35.0223406
263.4125, 22.0584545, -6.799681195E-02, 18.8959216, 7.36058127, 26.2448007, 3.238572325E-03, -3.189233571E-02, 1.23510136, 2.45825295, 0.127444389, 5.85380046, 7.968633809E-04, -1.308233224E-02, 1.16671651, 6.99057961, 34.9882266
263.9125, 22.0584545, -6.799767042E-02, 18.8867121, 7.35842458, 26.23444, 3.240795405E-03, -3.188921484E-02, 1.23500589, 2.45583209, 0.127511962, 5.85421975, 7.970855312E-04, -1.308020196E-02, 1.16663871, 6.98547697, 34.9545211
264.4125, 22.0584545, -6.799852765E-02, 18.8777565, 7.35633154, 26.2243714, 3.242958569E-03, -3.188616265E-02, 1.23491355, 2.45347494, 0.127577844, 5.85463098, 7.97301314E-04, -1.307808932E-02, 1.16656303, 6.9803772, 34.9212137
264.9125, 22.0210667, -6.801246548E-02, 18.8859678, 7.35876855, 26.23427, 3.246172068E-03, -3.190439275E-02, 1.23554557, 2.45530379, 0.127332016, 5.85666157, 7.979295825E-04, -1.308299595E-02, 1.16720419, 6.95993996, 34.9140707
265.4125, 22.0210667, -6.801328079E-02, 18.8773335, 7.35675168, 26.2245661, 3.248237781E-03, -3.190149973E-02, 1.23545898, 2.45303126, 0.1274067, 5.85704269, 7.981343143E-04, -1.308085658E-02, 1.16713476, 6.95486975, 34.8813969
265.9125, 22.0210667, -6.801413851E-02, 18.8689494, 7.35479494, 26.2151498, 3.250247062E-03, -3.189862736E-02, 1.23537427, 2.4508195, 0.127474572, 5.85742404, 7.983334319E-04, -1.307883557E-02, 1.16706514, 6.94979048, 34.8491159
266.4125, 22.0210667, -6.801498991E-02, 18.8607917, 7.35289513, 26.2059932, 3.252202139E-03, -3.189581836E-02, 1.23529255, 2.44866466, 0.127541382, 5.85779665, 7.985266563E-04, -1.307683891E-02, 1.16699773, 6.94471646, 34.8172024
266.9125, 22.0210667, -6.801584032E-02, 18.8528538, 7.35105025, 26.1970901, 3.254104051E-03, -3.189307339E-02, 1.23521358, 2.44656527, 0.127606566, 5.85816179, 7.987142212E-04, -1.307486103E-02, 1.16693222, 6.9396472, 34.7856505
267.4125, 22.0210667, -6.801668908E-02, 18.8451312, 7.34925885, 26.1884336, 3.255954389E-03, -3.189036895E-02, 1.23513731, 2.44451955, 0.127670228, 5.85851922, 7.988962432E-04, -1.30729185E-02, 1.1668686, 6.93458271, 34.7544535
267.9125, 22.0210667, -6.801753619E-02, 18.8376135, 7.34751867, 26.1800129, 3.257754474E-03, -3.188774281E-02, 1.23506366, 2.44252573, 0.127732476, 5.85886903, 7.990728148E-04, -1.30710065E-02, 1.16680684, 6.92952347, 34.723601
268.4125, 22.0210667, -6.801838157E-02, 18.8302969, 7.34582815, 26.1718227, 3.259505632E-03, -3.188515999E-02, 1.23499255, 2.44058229, 0.1277934, 5.85921128, 7.99244118E-04, -1.306911855E-02, 1.16674689, 6.92446852, 34.6930899
268.9125, 22.0210667, -6.801922517E-02, 18.8231748, 7.34418592, 26.1638553, 3.2612091E-03, -3.188262877E-02, 1.2349239, 2.43868762, 0.127853013, 5.85954614, 7.994102627E-04, -1.306726007E-02, 1.16668872, 6.91941929, 34.6629117
269.4125, 22.0210667, -6.802006694E-02, 18.8162393, 7.34259039, 26.1561025, 3.262866095E-03, -3.188015443E-02, 1.23485767, 2.43684022, 0.127911487, 5.85987361, 7.995713647E-04, -1.306541509E-02, 1.16663231, 6.91437674, 34.6330578
269.9125, 22.0210667, -6.802090681E-02, 18.8094861, 7.34103987, 26.1485592, 3.264477881E-03, -3.187773376E-02, 1.23479379, 2.43503863, 0.127968729, 5.86019367, 7.997275683E-04, -1.30636057E-02, 1.16657757, 6.90933895, 34.6035233
270.4125, 22.0210667, -6.802174475E-02, 18.8029088, 7.33953237, 26.141217, 3.266045531E-03, -3.187536695E-02, 1.23473214, 2.43328147, 0.128024924, 5.8605067, 7.99878962E-04, -1.306182512E-02, 1.16652454, 6.90430689, 34.5743035
270.9125, 22.0210667, -6.802258071E-02, 18.7965022, 7.33806738, 26.1340709, 3.267570426E-03, -3.187304288E-02, 1.23467272, 2.43156723, 0.128080095, 5.86081253, 8.000256706E-04, -1.306006465E-02, 1.16647314, 6.89928103, 34.5453878
271.4125, 22.0210667, -6.802341464E-02, 18.7902609, 7.33664315, 26.1271142, 3.269053439E-03, -3.187076459E-02, 1.23461545, 2.42989468, 0.128134252, 5.86111134, 8.001678124E-04, -1.305832699E-02, 1.16642333, 6.89426232, 34.5167753
271.9125, 22.0210667, -6.80242465E-02, 18.7841787, 7.33525806, 26.1203398, 3.270495863E-03, -3.186854316E-02, 1.23456025, 2.42826247, 0.128187534, 5.86140314, 8.003055007E-04, -1.305661346E-02, 1.16637512, 6.88925028, 34.4884554
272.4125, 22.0210667, -6.802507626E-02, 18.7782514, 7.33391111, 26.1137429, 3.271898572E-03, -3.186636865E-02, 1.23450707, 2.42666936, 0.128239885, 5.86168806, 8.00438846E-04, -1.305491867E-02, 1.16632845, 6.88424349, 34.4604242
272.9125, 22.0210667, -6.802590388E-02, 18.7724745, 7.33260122, 26.1073181, 3.273262809E-03, -3.18642378E-02, 1.23445587, 2.42511415, 0.128291426, 5.86196629, 8.005679512E-04, -1.305324659E-02, 1.16628328, 6.87924481, 34.432679
273.4125, 22.0210667, -6.802672932E-02, 18.7668427, 7.33132678, 26.1010597, 3.274589235E-03, -3.186214945E-02, 1.23440659, 2.42359587, 0.128342224, 5.86223774, 8.006929414E-04, -1.3051598E-02, 1.1662396, 6.87425232, 34.4052081
273.9125, 22.0210667, -6.802755256E-02, 18.761352, 7.3300873, 26.0949632, 3.275879161E-03, -3.186010647E-02, 1.23435918, 2.42211301, 0.128392201, 5.86250256, 8.008138656E-04, -1.304996475E-02, 1.16619736, 6.86926747, 34.3780126
274.4125, 22.0210667, -6.802837357E-02, 18.755998, 7.32888073, 26.0890218, 3.277133368E-03, -3.185810228E-02, 1.23431357, 2.42066466, 0.128441547, 5.86276086, 8.009308742E-04, -1.304835215E-02, 1.16615655, 6.86428881, 34.3510838
274.9125, 22.007597, -6.803394657E-02, 18.7568681, 7.3293154, 26.0903173, 3.278752237E-03, -3.186376709E-02, 1.23452818, 2.42073798, 0.128375932, 5.86360305, 8.011946671E-04, -1.304927233E-02, 1.16637325, 6.8537941, 34.3337003
275.4125, 22.007597, -6.803474869E-02, 18.7517158, 7.32815648, 26.0846054, 3.279944351E-03, -3.186186422E-02, 1.23448595, 2.41934227, 0.128428287, 5.86384413, 8.013045688E-04, -1.304766501E-02, 1.16633594, 6.84883833, 34.3072457
275.9125, 22.007597, -6.803556441E-02, 18.7466943, 7.32702936, 26.0790444, 3.281103121E-03, -3.185998179E-02, 1.23444503, 2.41797909, 0.128478135, 5.86408169, 8.014109241E-04, -1.304610594E-02, 1.16629918, 6.8438859, 34.281048
276.4125, 22.007597, -6.803637609E-02, 18.7417953, 7.32593173, 26.0736222, 3.282229663E-03, -3.185814001E-02, 1.23440579, 2.41664658, 0.128527544, 5.86431308, 8.015136872E-04, -1.304456582E-02, 1.16626379, 6.83894205, 34.2551008
276.9125, 22.007597, -6.803718565E-02, 18.7370148, 7.32486366, 26.0683366, 3.283324844E-03, -3.185633799E-02, 1.23436814, 2.41534393, 0.128576285, 5.86453848, 8.016129727E-04, -1.30430426E-02, 1.16622967, 6.83400488, 34.2293963
277.4125, 22.007597, -6.803799287E-02, 18.7323477, 7.32382316, 26.06318, 3.284389513E-03, -3.185457562E-02, 1.23433205, 2.41407032, 0.128624485, 5.86475803, 8.017088581E-04, -1.304153339E-02, 1.16619681, 6.82907629, 34.2039336
277.9125, 22.007597, -6.803879774E-02, 18.7277923, 7.32281017, 26.0581524, 3.28542398E-03, -3.185284433E-02, 1.23429746, 2.41282482, 0.12867209, 5.86497191, 8.018014447E-04, -1.304004591E-02, 1.16616516, 6.82415486, 34.1787051
278.4125, 22.007597, -6.803960026E-02, 18.7233458, 7.32182311, 26.0532477, 3.286429627E-03, -3.185114124E-02, 1.23426435, 2.41160646, 0.128719205, 5.86518013, 8.018907986E-04, -1.303857887E-02, 1.1661347, 6.81924296, 34.1537106
278.9125, 22.007597, -6.804040039E-02, 18.7190026, 7.32086189, 26.0484623, 3.287407137E-03, -3.18494862E-02, 1.23423266, 2.41041447, 0.128765815, 5.86538266, 8.01976964E-04, -1.303712095E-02, 1.16610541, 6.81433821, 34.1289407
279.4125, 22.007597, -6.804119814E-02, 18.7147604, 7.31992517, 26.043792, 3.288356944E-03, -3.184785533E-02, 1.23420237, 2.40924817, 0.128811972, 5.8655797, 8.020601042E-04, -1.303567715E-02, 1.16607727, 6.80944109, 34.1043972
279.9125, 22.007597, -6.804199348E-02, 18.7106161, 7.31901227, 26.0392337, 3.289280068E-03, -3.184628267E-02, 1.23417343, 2.4081066, 0.128857673, 5.86577142, 8.021402326E-04, -1.303425505E-02, 1.16605024, 6.80455351, 34.0800697
280.4125, 22.007597, -6.804278641E-02, 18.7065676, 7.31812241, 26.0347844, 3.290176906E-03, -3.18447212E-02, 1.23414581, 2.40698908, 0.128902964, 5.86595781, 8.022174193E-04, -1.303284986E-02, 1.16602432, 6.79967356, 34.0559609
280.9125, 22.007597, -6.804357691E-02, 18.7026115, 7.31725507, 26.0304411, 3.291048299E-03, -3.184319691E-02, 1.23411946, 2.40589494, 0.128947887, 5.86613895, 8.022917919E-04, -1.303145075E-02, 1.16599945, 6.79480267, 34.0320613
281.4125, 22.007597, -6.804436498E-02, 18.6987445, 7.31640933, 26.0261993, 3.291894808E-03, -3.184169608E-02, 1.23409438, 2.4048234, 0.128992427, 5.86631506, 8.023633996E-04, -1.303007103E-02, 1.16597565, 6.78993988, 34.0083718
281.9125, 22.007597, -6.80451506E-02, 18.6949641, 7.31558504, 26.0220569, 3.292717394E-03, -3.184023271E-02, 1.23407049, 2.40377381, 0.129036628, 5.86648613, 8.024322753E-04, -1.302870936E-02, 1.16595287, 6.7850852, 33.9848877
282.4125, 22.007597, -6.804593378E-02, 18.691268, 7.31478065, 26.0180104, 3.293516174E-03, -3.183879838E-02, 1.2340478, 2.40274545, 0.129080491, 5.86665231, 8.024984964E-04, -1.302735961E-02, 1.16593109, 6.78024006, 33.9616023
282.9125, 22.007597, -6.80467145E-02, 18.687653, 7.31399629, 26.0140566, 3.294292381E-03, -3.183739904E-02, 1.23402625, 2.40173779, 0.129124081, 5.86681358, 8.025621565E-04, -1.302601658E-02, 1.16591029, 6.7754035, 33.9385174
283.4125, 22.007597, -6.804749276E-02, 18.6841178, 7.31323101, 26.0101935, 3.295045986E-03, -3.183601756E-02, 1.23400582, 2.40075006, 0.129167352, 5.86697013, 8.026233444E-04, -1.302469255E-02, 1.16589045, 6.77057648, 33.9156253
283.9125, 22.007597, -6.804826856E-02, 18.6806585, 7.31248432, 26.0064175, 3.295777951E-03, -3.183467146E-02, 1.23398648, 2.3997818, 0.129210387, 5.86712194, 8.026820763E-04, -1.302337898E-02, 1.16587154, 6.76575709, 33.8929252
284.4125, 22.007597, -6.804904189E-02, 18.6772746, 7.31175534, 26.0027269, 3.296488702E-03, -3.183334619E-02, 1.2339682, 2.39883236, 0.12925314, 5.86726919, 8.027384363E-04, -1.302208356E-02, 1.16585356, 6.76094675, 33.8704113
284.9125, 22.0027409, -6.805153452E-02, 18.6761582, 7.3116239, 26.0016717, 3.297322901E-03, -3.18347971E-02, 1.23404391, 2.39843808, 0.12925407, 5.86762495, 8.028466679E-04, -1.30217024E-02, 1.16592859, 6.75415373, 33.8514322
285.4125, 22.0027409, -6.805229768E-02, 18.6728953, 7.31092337, 25.9981185, 3.297995189E-03, -3.18335357E-02, 1.23402763, 2.39751986, 0.129297932, 5.86776169, 8.028986202E-04, -1.30204169E-02, 1.16591266, 6.74936438, 33.8292715
285.9125, 22.0027409, -6.805306412E-02, 18.6697024, 7.31023991, 25.9946456, 3.298647865E-03, -3.183229625E-02, 1.2340122, 2.39661914, 0.129340911, 5.86789522, 8.029483945E-04, -1.301914751E-02, 1.16589729, 6.74458266, 33.8072912
286.4125, 22.0027409, -6.805382747E-02, 18.6665759, 7.30957244, 25.9912481, 3.299281413E-03, -3.183108208E-02, 1.23399774, 2.39573527, 0.129383754, 5.8680243, 8.029960401E-04, -1.301789672E-02, 1.1658828, 6.73980999, 33.7854884
286.9125, 22.0027409, -6.805458843E-02, 18.6635143, 7.3089205, 25.9879247, 3.299896439E-03, -3.182988307E-02, 1.23398422, 2.3948677, 0.129426382, 5.86814941, 8.030415707E-04, -1.301665534E-02, 1.16586912, 6.73504639, 33.7638584
287.4125, 22.0027409, -6.805534693E-02, 18.6605151, 7.30828374, 25.9846727, 3.300493198E-03, -3.182871835E-02, 1.23397159, 2.39401591, 0.129468777, 5.86827037, 8.030850764E-04, -1.301542237E-02, 1.16585624, 6.73029137, 33.7424001
287.9125, 22.0027409, -6.805610297E-02, 18.6575773, 7.30766164, 25.9814902, 3.301072212E-03, -3.182757085E-02, 1.23395986, 2.39317948, 0.129510992, 5.86838741, 8.031265618E-04, -1.301419988E-02, 1.16584414, 6.72554589, 33.7211098
288.4125, 22.0027409, -6.805685657E-02, 18.6546972, 7.30705375, 25.9783737, 3.301634221E-03, -3.182645476E-02, 1.23394899, 2.39235797, 0.129553043, 5.86850051, 8.031661443E-04, -1.301299116E-02, 1.16583281, 6.72080946, 33.6999856
288.9125, 22.0027409, -6.805760771E-02, 18.6518757, 7.30645981, 25.9753243, 3.302179428E-03, -3.182535076E-02, 1.23393895, 2.39155089, 0.129594941, 5.86860977, 8.032038141E-04, -1.301179339E-02, 1.16582223, 6.71608305, 33.6790235
289.4125, 22.0027409, -6.80583564E-02, 18.6491093, 7.30587907, 25.972337, 3.302708227E-03, -3.182427189E-02, 1.23392973, 2.39075788, 0.129636682, 5.86871537, 8.032396604E-04, -1.301060496E-02, 1.16581237, 6.7113657, 33.6582227
289.9125, 22.0027409, -6.805910265E-02, 18.6463968, 7.30531113, 25.9694114, 3.303221086E-03, -3.182321884E-02, 1.23392131, 2.38997841, 0.12967825, 5.86881715, 8.032736854E-04, -1.300942482E-02, 1.16580323, 6.70665694, 33.6375793
290.4125, 22.0027409, -6.805984646E-02, 18.6437365, 7.30475598, 25.9665454, 3.303718482E-03, -3.182218282E-02, 1.23391365, 2.38921226, 0.12971971, 5.86891546, 8.033059664E-04, -1.30082548E-02, 1.16579479, 6.7019577, 33.6170924
290.9125, 22.0027409, -6.806058783E-02, 18.6411276, 7.30421276, 25.9637373, 3.304200621E-03, -3.182116885E-02, 1.23390675, 2.38845892, 0.129761044, 5.8690101, 8.033366127E-04, -1.300709486E-02, 1.16578704, 6.69726897, 33.5967599
291.4125, 22.0027409, -6.806132676E-02, 18.6385678, 7.30368152, 25.9609856, 3.304668312E-03, -3.182017706E-02, 1.23390059, 2.38771803, 0.129802324, 5.86910152, 8.033655428E-04, -1.300593977E-02, 1.16577995, 6.69258833, 33.5765762
291.9125, 22.0027409, -6.806206327E-02, 18.6360561, 7.30316182, 25.9582886, 3.305121519E-03, -3.181919759E-02, 1.23389515, 2.38698917, 0.129843437, 5.86918945, 8.033928709E-04, -1.30048035E-02, 1.16577351, 6.68791723, 33.5565423
292.4125, 22.0027409, -6.806279736E-02, 18.6335902, 7.30265349, 25.9556438, 3.305561049E-03, -3.18182496E-02, 1.23389039, 2.38627214, 0.129884461, 5.869274, 8.034186204E-04, -1.300367248E-02, 1.1657677, 6.68325567, 33.5366562
292.9125, 22.0027409, -6.806352903E-02, 18.6311706, 7.30215547, 25.9530509, 3.305986664E-03, -3.181731379E-02, 1.23388631, 2.38556645, 0.129925386, 5.86935545, 8.03442849E-04, -1.30025542E-02, 1.16576253, 6.67860365, 33.5169121
293.4125, 22.0027409, -6.806425828E-02, 18.6287944, 7.3016681, 25.9505078, 3.306399181E-03, -3.181639508E-02, 1.23388288, 2.38487193, 0.129966231, 5.86943359, 8.034656161E-04, -1.300143482E-02, 1.16575795, 6.67396116, 33.497312
293.9125, 22.0027409, -6.806498514E-02, 18.6264608, 7.30119083, 25.9480132, 3.306798812E-03, -3.181549055E-02, 1.23388011, 2.38418812, 0.130007011, 5.86950875, 8.034868824E-04, -1.300033198E-02, 1.16575397, 6.66932774, 33.4778511
294.4125, 22.0027409, -6.80657096E-02, 18.6241686, 7.30072382, 25.945566, 3.307185889E-03, -3.181461066E-02, 1.23387795, 2.38351475, 0.130047706, 5.86958073, 8.035067608E-04, -1.299923177E-02, 1.16575056, 6.66470433, 33.4585284
294.9125, 22.0014095, -6.806690448E-02, 18.6225186, 7.300425, 25.9438638, 3.307600111E-03, -3.181449587E-02, 1.23390185, 2.38299875, 0.130076858, 5.86970814, 8.035400724E-04, -1.299839682E-02, 1.16577294, 6.65954352, 33.4402605
295.4125, 22.0014095, -6.806762272E-02, 18.6202999, 7.29997509, 25.9414998, 3.307963677E-03, -3.181364668E-02, 1.23390089, 2.38234405, 0.130117845, 5.8697739, 8.035572768E-04, -1.299730936E-02, 1.16577072, 6.65493965, 33.4212066
295.9125, 22.0014095, -6.806834016E-02, 18.6181206, 7.29953445, 25.9391798, 3.308315579E-03, -3.181281634E-02, 1.23390046, 2.38169915, 0.130158645, 5.8698372, 8.035732174E-04, -1.299623947E-02, 1.16576896, 6.65034533, 33.4022833
296.4125, 22.0014095, -6.806905506E-02, 18.6159774, 7.29910236, 25.9369016, 3.30865607E-03, -3.181200651E-02, 1.2339006, 2.38106339, 0.130199351, 5.86989745, 8.035878541E-04, -1.299517479E-02, 1.16576776, 6.64576006, 33.3834904
296.9125, 22.0014095, -6.806976763E-02, 18.61387, 7.29867914, 25.9346638, 3.308985814E-03, -3.181121381E-02, 1.23390129, 2.38043681, 0.130239995, 5.86995512, 8.036012388E-04, -1.299411653E-02, 1.16576706, 6.64118386, 33.3648282
297.4125, 22.0014095, -6.807047785E-02, 18.611798, 7.29826396, 25.9324658, 3.309304654E-03, -3.181042911E-02, 1.23390251, 2.379819, 0.130280648, 5.87000992, 8.0361346E-04, -1.29930701E-02, 1.16576686, 6.63661719, 33.3462907
297.9125, 22.0014095, -6.807118573E-02, 18.6097603, 7.29785718, 25.9303076, 3.309613058E-03, -3.180965502E-02, 1.23390425, 2.37920977, 0.130321216, 5.87006227, 8.036244776E-04, -1.299202455E-02, 1.16576715, 6.63206005, 33.327879
298.4125, 22.0014095, -6.807189128E-02, 18.6077556, 7.29745817, 25.9281859, 3.309911193E-03, -3.180890308E-02, 1.23390649, 2.37860881, 0.130361717, 5.87011211, 8.036343267E-04, -1.299098828E-02, 1.16576791, 6.62751293, 33.309593
298.9125, 22.0014095, -6.807259451E-02, 18.6057835, 7.29706674, 25.9261014, 3.310199496E-03, -3.180815527E-02, 1.23390923, 2.37801603, 0.13040223, 5.87015945, 8.036431254E-04, -1.298996347E-02, 1.16576914, 6.62297487, 33.2914261
299.4125, 22.0014095, -6.807329542E-02, 18.6038413, 7.29668255, 25.9240513, 3.310477996E-03, -3.180743799E-02, 1.23391245, 2.37743101, 0.130442679, 5.8702042, 8.036508111E-04, -1.298894036E-02, 1.16577083, 6.61844683, 33.273382
299.70625, 22.0014095, -6.807370649E-02, 18.6027145, 7.29646004, 25.9228627, 3.310637198E-03, -3.180701908E-02, 1.23391456, 2.37709073, 0.130466433, 5.87022953, 8.036548252E-04, -1.298834299E-02, 1.16577204, 6.61578942, 33.2628237
300, 22.0014095, -6.807411678E-02, 18.6015974, 7.29624003, 25.9216854, 3.310793292E-03, -3.180660726E-02, 1.23391684, 2.37675295, 0.130490187, 5.87025388, 8.036584693E-04, -1.298774828E-02, 1.16577341, 6.61313486, 33.2523048
